31705697
650270405
610754456
460464930
546181599
492087765
604321557
5569713
330880928
771031524
82664642
469239209
342397610
357967624
743919171
672259924
708332237
41509722
155290240
309231228
165517854
291105122
872031250
637629822
541569265
772435353
236255734
173341118
843459200
742284532
691779801
415034710
373845646
542349686
382777343
852426931
556760022
781176564
488907552
228679430
7091703
196947502
732929766
137690938
225037812
536027541
642346625
647861694
881009296
995808361
912508988
67134988
999726392
714359454
681008297
407350762
144280203
653380921
963170158
687259598
566732542
579800848
251576949
768416808
112714963
433536478
104784656
907810505
594191738
514810313
97725344
66363207
290662106
891430895
784606789
272370701
461571540
137397036
984841448
150029815
790091296
220224538
206183298
666608731
53274114
664786996
993961975
972302934
460335450
366094145
505816425
437641971
895994343
241605925
423457979
247533485
704025295
345354090
782481609
123828996
218058139
874197067
418844951
188750346
428986294
976011757
522590334
500759713
285655134
236292515
106310131
716486261
143044866
972188335
914179071
975869927
443197127
806551380
578626749
241519725
430367586
348288741
221662896
256963886
562631976
606816628
353271180
711139362
96197098
168544398
362637814
722540564
486611502
578129098
517964605
370222572
702199964
112566085
673221815
362804561
609155648
590323231
243906084
751317397
370484903
917229852
676000843
55465811
789932142
676280335
825009051
872531280
29600669
263418221
909152125
25335443
354355792
762632337
723081911
262604873
798584711
827152179
135505198
115438752
897650851
677965702
255609889
605312065
716654288
635345426
805424167
695527143
209175196
30687915
274938406
211656861
683501884
515111015
131061364
592547562
599649564
719497818
38727162
72796900
366698233
154278000
742009466
916138541
22989412
65448587
614991470
30530435
478090385
464732357
425739913
559900285
302232772
525335208
972016350
429421466
776751197
64346962
516541607
267812650
321319522
93998333
450103346
601152355
839803342
135612955
388615567
250739489
636569200
489100392
816845294
732622515
281621888
211289763
968224173
255449190
4129406
66471163
159732969
559219089
398981206
492670414
856874558
252927234
796291538
982436550
752538890
503985485
273738679
881904844
216516453
357375889
119270516
651601265
720394273
758687499
215368182
709241418
199926341
505207568
422649384
629164726
275588763
601947689
473911396
904892085
796924393
370398867
605571065
121568083
352048033
380067990
776471908
367666103
70041182
641938792
45274510
248502079
363754783
43559751
870809097
178913532
673350205
651840626
755570689
380148157
873770483
58556912
642635920
204413486
253644091
336541321
452672600
792788412
168934096
406648571
831383560
562963311
901238602
543415030
194228908
978198912
201084948
879451337
928987755
253856594
58737385
129437277
368349003
681714562
823015750
335575707
958829711
813842958
473202358
190557088
894495123
814876885
35515557
762780126
180205170
448788813
425785010
889192091
315469093
513967471
840370517
215418631
144932626
775509690
859824558
580975178
132709293
883442414
596201084
723949373
411950827
914737061
654858268
435393612
233939078
506891335
810323974
675642282
202487367
753315297
450018704
405065043
858338850
13059842
560553903
847621646
933587738
70604613
282725978
784046222
771819688
689854962
729204510
241361648
205365072
252649341
791845315
339267006
210507565
344647613
570936076
399681758
237827138
497894695
196569047
919214078
884269017
528986083
231868370
15499751
143038070
847220903
389540410
531302589
993281010
930796513
63915930
45766270
779507112
396105087
865772171
832472385
362858940
318196258
661772649
399241804
790740729
260009288
157137309
244105341
184283263
102437432
689407510
105467976
343354968
1394911
240708754
391706241
917763609
433471650
416543074
996576394
484085207
643999604
730245317
172437834
622588724
58329020
799579162
203025832
330792410
73008794
700416674
763686395
203114431
28293454
233386732
664523700
357730696
918937553
494612992
293246889
799492726
179311531
401965793
293906079
465512131
23305256
762182121
115167225
677958782
3526577
513411240
151510551
246504304
6931103
847787134
591812764
55351078
746934723
572523050
893099696
471694223
996554119
747676366
994899118
380767638
177914553
868202285
63964390
275096598
752466153
303501501
906005882
814620474
251862380
7175151
542191873
135100735
847798689
958804651
792565875
630608405
714642190
369825303
139663856
416549344
730047839
551898198
742409799
474994154
617045913
543478368
699115603
257565820
440002518
96392283
367159219
75390493
399723391
76434645
672982215
291649154
931493098
354496440
47999783
261944136
137969942
379139437
303811602
257664663
467374419
124648186
264080548
35342443
242310421
950301844
269477232
72013018
667240037
359482631
699214029
595948079
731802759
992098732
182855137
166932080
833679026
104664723
726759328
768559191
283382445
308618966
348022617
803809505
112899989
906515696
315917831
871327117
456709326
185545662
623738387
326280820
284031936
450259514
212847510
346135228
905048016
680064448
564003920
850572494
770004072
25849224
867645026
737044049
140388424
51259939
151719086
402632469
816823293
903091084
82463630
190585696
668733739
41223505
584485204
176259319
637877236
535763900
809816685
221380141
687657791
427109758
777433041
931504225
922803411
105637163
903015201
469750237
702072027
476312083
184672226
688048771
256669672
95084817
577966463
527991525
943982215
481180842
829459101
176291407
227380069
842973163
494475661
571350667
900870781
55367835
124370675
323681441
618858802
408832919
81954590
309696983
902333352
415001520
331573004
53862446
757711600
760121480
249573869
475584176
373644165
153417001
929917603
898993147
488658414
622414342
783925493
958966113
399892850
968118048
844460293
835913273
628543016
550060985
227043732
769367944
266233514
385665142
474756535
338418519
345315971
372854174
852848023
868054278
210990167
459482597
39254644
803248382
294038040
524632596
979680115
77074949
356999277
283418713
537345578
25047745
69845869
625753687
254038599
564069019
936558956
607886091
443271008
444226425
832977362
360241888
135074826
949071444
562524811
181315404
402572483
811977325
447810870
15056305
704795139
74832663
961599903
388050784
645292042
680875891
676289735
204658806
877122941
89698220
663389399
371329414
602311674
916598405
23294059
841664165
768190447
614672931
897240363
377059249
531763641
135876465
223157114
40726969
901273319
351588081
961872900
404981903
499004072
557411621
95247217
936851293
143801458
622247879
223572753
276619136
384294420
963205196
282635310
705107974
17660649
577019775
544576061
859526642
345163298
559610624
94807636
863676219
822519237
181619417
723851962
927304873
174298831
629677163
50524133
164584023
64710305
595098646
948198193
128702003
312241783
599463166
61832998
11076693
134611446
762782905
185655429
959143676
991408754
431638106
649420584
564733686
342907898
545114494
457624978
667927464
429206086
9637357
315343759
212857385
821810461
405056890
320323632
499849915
942059306
927443079
46594729
384357092
283060896
202574276
418001454
865702433
651840961
89323693
555353641
862066769
961782559
686091497
354210993
36993881
852360644
160210657
369762635
190676274
729333691
426352062
786693797
385704315
426669159
76800597
867769608
321391830
621814724
344681733
991491169
168185667
181116192
678767069
149794570
383043110
953802652
624160105
817371117
459086608
710046755
123107252
486977969
18718878
458985721
265367146
71425956
917411897
667303351
919426937
901037206
678781543
373440114
873780526
167757491
631712232
472880086
282041094
591049249
185885151
235475667
835309707
526239535
437980235
234032176
1747017
931859
343685283
801715085
750486785
994681226
968583088
554544853
836181558
738503290
514036496
932834974
331841254
889644350
803108334
411735522
914314666
361607069
205019858
67267302
120556812
797629675
481821212
687683275
737297554
413079544
210915600
494888609
245047052
546094974
272279053
127501928
935345025
550121668
342368669
329316314
500379291
704788998
929451325
292422185
133078558
864230064
709372813
951334772
892744624
367230064
122167801
803767341
477980083
780499938
45250203
628322206
907597030
313813985
685370270
812857086
788075770
212850976
295274553
862355102
15155133
72747071
816559558
289703815
460792966
129060171
168036579
577657552
894435972
153548773
699225719
420779521
962034076
460641786
454301702
386466560
244406793
136294788
962895130
791570477
384557247
249799526
625162031
641398147
192407786
83315279
4857850
471373648
171349393
516732069
680626804
572900642
324472655
455633345
715062541
826114672
953133699
322241292
22611000
77096114
990792188
5396800
865884309
440427647
968650758
384939105
470187768
68935649
811724356
269628153
442415082
735752466
656856630
851587998
982959866
343089825
816120203
918635323
79441575
748847980
628506989
303256915
734953096
518470148
528052272
160183418
736402756
593325892
820307192
805350079
758472231
265429604
370016113
134577733
524883976
538851012
747610120
111167273
781657160
329898391
591249702
23474566
980547321
862394854
369392160
635712690
994983339
912872801
765564535
929127828
236462770
958767844
793386780
31334251
115576440
74078933
748060111
639507718
904742500
318725119
658402114
715234046
846528055
888056312
37477541
333821689
87238528
929496708
606349350
19490176
952092576
979456933
518470262
412899624
260334363
822823061
357678586
85726921
736486824
779333781
187525074
150956457
952609784
449388912
684389128
668429591
818460075
468510821
451959895
951013459
553510270
82791797
193968540
70156641
713085691
682216136
49570784
727102059
396814921
145339112
320768606
413545930
867226580
357153488
866992974
416165827
780357514
825118366
913348990
604797482
254400933
191757322
338718036
248270001
970037234
407076301
521688063
979475839
200912988
607063808
653117169
959248459
11605301
741835583
209657784
987003130
852219828
24275347
51788850
944694126
807201046
309145744
455359430
445084662
453841703
719401443
571554633
389441312
629481646
865802137
601648010
71398193
792192989
473686446
300930342
968301790
966208127
848977224
407373216
657909491
165016568
452183934
953554244
520139815
283069579
928569081
275207325
166697660
758371253
733748218
620897646
832303226
936486182
697619109
536522207
978859464
438961505
975765918
67460217
44370330
228780562
771377906
94512334
67079816
233129040
947091952
569534125
465404957
120312134
833133588
916002414
855077825
241084523
388062494
837512790
520476338
901317872
959771401
960313450
714191645
922284264
829983447
165584648
712609911
928111504
957876867
87321847
226413243
472292493
671215944
38438766
571189043
279038364
526740798
222207956
694178160
303174792
198748300
673420777
372798204
9808754
950675311
703384506
399456576
333849090
964491426
738145257
812754235
672695720
674158766
192700572
327252090
777321916
746847346
438348901
242893852
730898283
437045276
869309928
446300745
85641668
604645313
490017847
22621919
719486012
181281146
238405997
29972211
736887843
388873609
659839908
579944434
643940482
217583924
962072913
580970563
118769033
901542964
413169412
374921960
413348622
394620051
68199818
451941314
136721215
404670806
811039804
687539201
656738784
886969410
317496790
137514475
32565285
764803283
741736065
690615901
169712787
239018920
599046642
813443616
926707793
984132382
361863610
842956560
608704674
146128031
429041620
577413350
976555892
282336192
82754948
92647749
151837583
651757589
168277340
360307599
192706393
349772322
541981264
681699760
991318769
2640872
504285285
703123631
326816498
817711850
170020998
588267473
12157055
315324578
396013690
886429701
603875349
806803217
988348974
560131640
158941438
72977413
561944023
321930033
609428878
286257924
727609809
194995195
368115252
889491774
111264831
412030503
796071042
53580269
424065164
663245966
422382323
902464399
599152475
696774165
569173588
361699013
491993758
706428356
396352710
689264704
393944278
449397189
994301499
164579898
566450342
143687772
344086964
528034945
603042090
679293329
242695721
332253240
854271679
717952202
222870265
262633485
199876268
916164090
775206616
285980945
3626581
319436121
689267235
43069488
370430490
259973300
804928762
493310572
570743064
264395570
649550429
129330261
327396986
145230323
368819098
211764262
803668460
317349848
674242447
735241569
693145572
622750907
682454953
30334980
356772551
556025048
117675021
569050128
387627358
485311651
993982208
111630674
375512570
822136330
673654632
61264507
648823310
941538829
263220370
394307958
765093956
573960467
784799463
835303831
870423235
712300108
495574015
733398856
483451567
809596307
785540601
823876279
193197469
589524489
15587827
548576250
620827066
842128583
922615590
690868469
470985734
793878950
819304466
777250954
286330344
757025656
775077159
265378450
860330733
893244788
403617812
619981757
242171987
315555254
66593380
946569802
752341925
932474131
335044290
470429929
22073605
235844853
670518701
82180692
632391551
351485810
726615392
591403224
810398467
363992376
94091951
152403168
794192253
534185654
510521217
745535809
940104170
363794417
189126514
448694693
799065155
787858185
687580434
382794372
243848379
880237702
630063691
395317953
460187108
52689865
580205611
324543392
670793586
91544131
760540022
301288720
423679129
647831142
218923920
860800571
896869433
161564243
33463637
318803875
437442152
171356428
780935883
669766219
278021370
93155617
292426124
473952257
661782257
930066203
16467626
207903338
761642384
346230920
396846022
128960109
319551836
492669853
880591867
248249191
113705811
8815967
498702617
510637839
273511371
482093849
843281120
899302743
834609204
938597907
419220148
729438992
33033399
371957369
518118370
251311415
876451964
149780243
195873360
956577030
324410760
328332138
859037884
482881984
231897437
32515348
601794829
626379313
673633037
683107591
768742095
855931991
417116668
262543321
874365134
585536053
631104530
602294407
482325881
293800890
475196722
382365761
693374565
977142187
822522788
759163204
682993100
940684979
434518827
141463707
612531084
887202890
448166412
253284304
181992312
156810572
58316230
177614064
23556077
994134499
365361275
797867652
709792194
906686674
48954632
633670461
727583663
784959638
89275911
415274417
547118847
54514113
8936551
292661889
588336758
378141880
9147084
106109315
242438567
721093263
714832798
533915638
7386650
110259963
615559871
369299010
809523454
501423539
801843335
624887843
599979240
290927456
523300858
572169308
739392377
184651680
574087903
725602869
859197264
161124429
633760990
473873709
25897034
357428378
517176223
172689378
221607116
666061062
398751310
407034472
141743588
559967758
759598604
223547651
195578969
155441669
528716199
595148378
72407949
763405567
801505953
265969364
270248011
60284474
908075657
449378326
442538546
654135527
2868045
100561994
908840849
965961997
850253891
288034213
313709578
976973103
793905556
837233858
25023768
807372199
112696415
933425450
172713630
124620077
664542776
553058773
916281458
55976119
255863805
154688266
669563731
637758955
374671961
421703926
992334612
799133159
571375797
635759678
461983922
2785964
832955583
893592263
350981035
431172842
795063790
261332989
959614653
255466481
959909414
704220720
823000656
834223513
87884683
423228086
251321562
698586393
921843468
523361006
252080966
914483452
93444754
539800911
479612688
199760781
977463136
853741536
854727284
800412436
489115291
291265031
714827008
253948521
77810376
499591960
730346997
964084481
91928840
742200155
291429138
748929166
3012089
454348777
129410168
339011468
670389478
3186287
788833189
163595322
560184670
558629244
117358084
387464220
614646139
357787904
864863289
798905985
772240011
604426034
829770947
239112915
334071160
271436280
92028513
313585636
288169496
617847706
293910363
86046580
641961060
945332982
229646919
238401625
88559152
10724355
14989385
655008307
679624567
935161213
59552291
814209634
562045050
29514305
210473867
547885214
287874402
428874799
660904165
599201351
551583807
397303694
705355538
922145324
813066495
691071767
626454840
892604778
920378370
405673797
666035040
636288372
975109737
125459407
210245374
689153864
490090952
926049258
510058328
406688301
12797945
583691148
819063116
496556359
482604637
138295674
871570795
259881704
724857053
594652796
118176627
937324893
648629884
542879155
110644985
346900555
28823499
552548461
449822046
239247484
648045842
901524247
541609369
566252202
535951371
863290725
177434283
284534399
3003486
558113369
155479866
640437808
108905355
927091091
254786517
964583123
223831413
538603198
949358979
960053156
397418675
911039805
25984204
973004017
831607166
708021708
982180260
556896822
130408142
743416813
463804914
670668274
121390861
887508441
576882894
610519695
288990673
8017385
31893281
387830987
420505740
17715206
695042023
218529261
293749538
656662641
64201647
128163704
23653695
35607227
137986370
400447342
333320334
902890634
682568841
567819195
379135206
690448873
428878746
1165149
528814130
978200030
464656264
974687275
499622604
595891934
690554626
609536786
380709088
901358845
355829097
728966364
76500473
81876723
83586473
863061929
604591713
202621561
930869586
922634542
990815727
468606573
880957633
378456669
208077801
806244758
91827672
885326879
478255952
564856843
68762623
411023036
973346064
290630223
399696399
859783952
687530986
211801791
945838981
69019616
437270008
144066394
349809184
781233945
127100300
811245582
22206981
475752961
280778566
537107522
210402566
352899918
661377391
177311269
409199905
618614031
670316769
806708080
990083988
871352379
685787769
284331173
807839262
25775018
163580975
251946318
382952660
230015949
276476389
705161699
399734377
694310772
823619015
434273182
869638557
361311632
312804746
460971569
495248520
720708187
227792426
263228543
301798677
150886672
170248032
81578816
349022588
204659747
831623622
797451446
556889694
637731358
888127794
689299135
408690657
786327156
840626924
234362722
758215899
58483706
216079305
363656554
595451169
550623508
163602699
484206558
68688294
211493157
649879523
370232368
587160919
148944495
419111439
944295377
343360680
483494137
321368757
821376947
280689420
339404072
677305812
57530197
834864037
23533796
392800001
663883320
697348497
16769520
849753265
58132498
541369904
471231256
585793577
435801198
420884941
180844936
739759335
367202419
330353863
383520078
256670018
115130424
672300930
252461157
851715902
991245405
815295418
729220788
56078690
808405714
380463400
576507708
483973884
197133157
273089012
687643345
725411217
891702411
615538423
555641477
642337450
67238144
973437160
401258664
193851254
845906275
800388551
459894159
737136223
588655911
258262987
564975394
814230068
944418297
7673611
751358872
62845743
468292736
846982172
61662387
254833635
606856252
262469848
770785544
567590538
953014694
513671605
778500817
944656380
359804039
621835907
235722301
86762611
647315443
932464255
55904159
221399616
98731399
285923339
818253518
561786287
609333186
743895485
79784829
339576023
692000416
396736338
690427838
242670187
789989592
88196189
238167225
26168590
832813159
366179941
580527471
642696237
226803347
499054481
815749712
300461051
707047433
566107589
38839262
657244319
480055117
182662827
469368458
519887540
191829531
386031150
37413060
482193467
600875024
937602426
175633094
120802886
350805364
166468018
727727429
619979531
694354738
905495906
757986903
577082415
393883064
537593711
608042861
262390008
68152760
991707771
816561204
562134746
950692184
694263007
782826697
549826793
973985920
777966528
94856394
345302515
973138528
531371117
740431331
997812628
728581747
100594703
913019072
866432112
365585423
258591290
467466531
844752653
801813572
604303133
277763606
634057518
278327649
284519237
593710842
588790671
104934613
423326291
510146287
253334927
691386107
272964367
601612461
99927336
271624915
350374409
933297225
478047280
142463263
751463111
241317687
908768486
342841837
738866869
436974373
774967685
808686048
80233022
793381938
553999627
575974415
29968573
815603334
986050366
535372731
571532821
456971885
542550635
37194355
753284522
852257583
331816859
310002454
99288151
18722456
617268983
918837716
498177697
937432056
515543591
85036447
44320292
636021607
599719449
595794323
616274847
394346718
568574876
95401857
718942021
271061043
522676595
511191456
545927101
548722846
815876963
38813634
875367667
455687747
632415123
932102759
805843117
304789068
1083089
934837271
695405209
769846828
66593772
521713237
333287799
251160011
91169459
651177967
715265665
938141488
746242586
176778437
277432811
104913972
181410296
898436985
950445113
900692889
45297252
464363432
701784799
741487573
689187540
396287710
366349269
370896369
837203648
372807527
563312338
707085644
485775791
676255220
258385777
566776322
52155038
950550347
799833766
808772331
172896844
787807438
425970196
740175032
715006323
720191276
651209927
605338591
744770606
783340427
544010019
406776738
194494242
323864357
701259386
654214601
31105251
909535017
295018999
971440018
896933983
31126459
696996250
521673106
615562914
421105985
783634092
122984697
330323999
994685128
40993503
468329269
903354550
618224517
731701687
597709998
519552675
459253756
86037569
380137626
380633418
973749209
639871863
510722435
335707408
979971567
49518169
281636823
877303819
807559196
679929936
685986422
6704115
92054749
787104837
816511506
237081358
441139395
211581996
898432885
505681528
855406526
728547189
571317271
466007780
359081860
432566230
846466195
350851497
368484188
953816745
604022805
224748756
965829828
60625153
712349940
312058490
785214960
492089532
951765894
514079278
142025010
213284572
905346293
387975258
359553760
996369414
963106691
136848268
830613171
739898517
205581950
448021327
813124235
512014556
591134681
584934543
307967351
905051064
516521859
886511883
879477079
341542044
969986942
759544134
754155934
329472333
925550789
810031152
952572283
739365689
382242357
27408406
90219074
717361031
388469829
394982564
51441994
363731062
946383190
251429565
367866410
948506373
862031181
54804355
791136133
516754236
254364291
661155232
203336382
484145857
539191608
249079347
937041900
475583576
810839805
817871896
932106838
701902354
42933518
778686858
54782603
746553403
30075176
987235318
3979984
33113202
568190112
151367634
459855335
374468796
855179043
362154372
670234438
562992577
375732656
890620083
827107436
154941638
83134246
824700070
124298316
493025542
677263698
686852800
510844592
593591812
487169428
700773992
572437984
188153682
337420795
24510393
636198300
214786060
782439138
133167867
40685026
700659975
135643777
744885440
783074861
966514173
790520091
145121953
620199380
339052819
946463549
983270618
196064780
119104033
528320733
58324126
207333394
977485695
991927846
347282432
589096022
416372590
960315241
965600892
406812621
764229207
113866871
257570657
130405252
927145798
507899267
320804387
157405564
648826613
604202138
215528196
124755596
682148872
792588917
651566184
618443840
925404520
881294995
320267171
39378484
664162922
33785351
588738102
815451347
644600864
103059387
990868870
255074681
562409810
778077625
71344196
777052205
18352017
644255985
458529553
177108846
68452935
282801716
84281003
788910529
575987121
216582325
133372013
538269283
115332738
426803488
938130756
763682970
809245828
949048516
224632069
167110894
892882035
693865239
873788933
50775737
180067273
936556693
818648485
912054797
720165774
808458219
36150290
979524984
636564306
542070024
762952686
154660143
163502403
645758027
121389453
167575965
891003084
951176684
686988164
806832807
374012521
540620558
891891724
71053063
15134948
857672340
775231526
235456811
86382590
278057772
403020761
983039541
856141213
638249400
47786617
922904596
705562651
75338497
528363588
774528497
284754185
108694547
842205103
123600007
888240109
708355410
146920311
757779036
200591347
116234054
689828228
516275102
825094543
195095940
932514043
39276439
717264581
284379977
957245066
891031007
678067979
259955890
688444811
681327713
794412951
133446799
686647500
272030497
697111092
546915573
559347226
413151741
995914490
741598206
145624582
879714527
687443655
471454646
126615329
982053142
372245655
653679423
297034019
232340994
511808977
914592316
772213451
151477315
327582687
804186066
163564577
358727407
64429825
677465134
609455514
432047026
932275356
677497773
875733757
120890377
645811952
475928474
531060672
677530986
592253148
90554930
331917347
778615251
550025139
418691944
37711545
516135541
753902218
196794680
908090884
188577940
942373941
800003019
2517843
179721458
418944517
6236852
490789743
388819545
270866435
169840073
900350854
858242508
98461891
26971887
286215037
630386034
883719909
681738189
708472840
542561761
575494330
917652475
397133383
842230426
985676268
234899146
194873858
225949330
591043311
39052107
946421615
836238502
875864465
375314818
197673897
642769911
827190601
978979894
23022848
599421468
671232930
358839328
267121298
324957559
9771023
813462081
402239732
835805353
988579419
829803465
493147272
707563120
941236225
68304922
950346001
495069005
277116638
813813301
697418067
150346682
30819579
404067797
321843783
172380720
79815680
241128007
2862299
476049693
58468839
980085628
606748194
822591709
646880728
89964645
896930737
533861452
954167674
665115167
293361590
303952846
990987662
64352764
786691631
256416224
99503179
297626338
868931186
384821169
768735081
60844712
922903690
163553963
939152026
23748088
473450212
180137442
991694300
18996848
551341706
217459543
628180796
842530960
248465739
988796555
790415372
739259568
104294222
276111515
638088266
43846959
121969527
347110365
987836549
69286637
578522148
318471018
756422990
900015765
813295604
855373798
146051228
971015451
947690929
344349712
828782408
121072350
110882750
991431837
177221764
16095605
391696943
609619480
76136894
483124491
498119132
121893112
311048711
611622669
219360218
840402868
889844350
931229736
139448456
362925875
538103651
313702540
119324627
417305113
76061981
195395815
839499350
897452343
801460688
412602546
996466730
731879586
200443352
971225486
181236421
394038102
460447885
640713172
332502200
953493761
967065705
997808965
261155077
392053172
378195839
547154680
555730406
594981173
325207650
583373038
309600795
712535055
537972527
334596201
886567569
452321857
44605845
593874174
195165515
720911494
26672763
145203701
834872566
834922240
399364421
728633555
526610501
707705579
642060863
182560813
712494810
290618734
233745544
311490039
426907520
627010426
164549921
622679071
117121259
909650219
56326794
904572234
40908929
827139877
810485892
480612517
574282060
795687264
858066920
343923720
58259784
10197081
342035250
670588661
25886388
514909927
949083491
881037815
68774585
466925358
88582193
266930912
686277822
878739818
527462147
846250616
523371745
141264372
636921049
806918255
330847482
754423472
912691103
152578739
374576210
12017765
421110214
986333828
643348474
309245351
501045990
147511125
540854216
939726834
41232989
68047669
567414622
644244402
596723715
537627359
400401648
272678692
219641242
202368849
485805157
99541376
277556641
996233357
389518367
306192223
13201607
653971756
612397985
531805091
749006667
587875637
201968762
398455777
832895085
460654905
944356620
459186148
799845594
845706789
915163817
523676551
789393367
548660417
982842071
674333971
971504615
26985991
940488324
219358283
496509879
60528352
302780490
103785029
397057765
95005100
799949874
461539824
665123126
108534137
149628002
37734633
300963487
8177020
215980992
539070083
624440600
970760145
170310062
729671989
497571575
420597051
501039981
779581138
734415638
284569327
679702741
60454085
998443937
137172196
665544087
778000387
244749744
135185474
982259641
13747013
841893339
448691463
469214132
263823850
411289740
84747809
496946172
279008869
24388004
572996572
466790624
198121999
547725326
864086341
695000032
908337225
732445667
857635205
758369301
595768575
226352598
209670285
246707803
684698823
811641661
712897598
923910743
478583472
627665442
76287166
573814202
999857653
299036205
495441566
144821658
466774655
852287575
572781997
493622203
568394411
342026578
207667119
683606627
320053638
571131739
811475460
957360740
516699253
117649235
130427797
172094794
140508223
610462241
195522334
813490445
220040153
142637249
351727261
324518882
188079826
127462441
98181916
252990156
349020208
655842238
150733134
121436076
716826747
356907638
338735539
585237512
497263853
983467348
261329107
748228188
242688162
780824677
657621618
952294993
397986409
619919196
770030164
494732218
449233155
91425567
285469709
90954950
330758890
544780396
970501019
948738506
230408411
209502214
764925647
458182732
443735152
304562204
934894858
737811221
802901758
241692298
568794691
770261622
944788123
958623864
331973490
115067908
620980594
128101092
615254569
151425660
700109117
56419802
373119014
541271374
230475629
775048772
123555132
319172674
853936454
845671693
337316300
93459563
555122847
267410839
862615794
776530609
134748291
604182148
713876132
68101112
412298975
876983629
950334627
917137407
687333129
409172855
624745601
408572111
60019934
461417628
413821525
765384382
805788970
891566829
784383272
483465178
222114202
506466520
711705036
502782470
485373020
33989935
523551256
39861423
794329714
250533588
321081713
374794387
875923350
345404045
110468501
763610394
48674305
300282142
767773366
813719532
568558012
253701865
494457183
810709801
163001879
418370639
382356655
425062621
86208846
790106104
788949178
382608323
566473721
201419003
836443187
172577457
642061003
264217323
488457364
573614429
75183573
771912930
882214738
436628636
333419396
439543799
743282613
104003852
742926405
451562974
732574379
810929061
129359972
2159707
320100726
511196793
481456534
243374008
972687701
804961992
848667912
733072860
991235646
426754866
10579044
99507785
495167081
659671640
96009895
505070812
265737827
698354235
547960395
585034085
597262462
706071784
948485837
799584422
616517933
809872131
479293444
336334571
147514221
877458748
967839529
952181936
787918184
564331960
96495319
337108816
343077942
135692076
117930210
112225498
197468831
184673593
649983554
220815166
3091685
40717437
602869378
351746663
40205918
474887519
843676306
577147618
104458349
573642477
100491902
767940716
681751699
653422960
912053752
877279401
896983373
606697071
67952534
768930790
979657093
13187426
367416349
256045006
902411019
159288134
111099866
393461232
208305650
369065584
694853715
921411912
555207800
432842001
244887895
186487247
437202212
934166047
128751576
731419878
287732238
987798664
196230900
910773174
645847831
512045194
430365995
250653484
43521907
193244802
846006559
989030514
747099362
261812086
308698928
266586799
738478758
364947228
717566537
290337009
649847961
601918236
938561260
909056093
951247530
190987180
615337515
403486371
238291065
967153525
277025111
837142951
955717341
205185801
88768360
766497906
230861143
348966907
4445435
262556787
895609133
932887670
449420081
90373523
350261792
85850182
2473135
546392515
669625564
137639243
260890252
711838403
664074174
55036065
922806883
650783544
246793441
597626981
350531592
348602979
263089068
951979164
772304691
146459366
588028774
212630434
362585022
173472867
746868521
340869504
831790790
315030808
277080897
374460211
262508223
135158568
277372765
827709619
634363494
101589837
367788102
797737447
214806405
51743970
837729499
837680580
182893834
310224194
146287859
511929321
158872106
333373575
63143811
527097083
206667283
106566139
410324195
822522449
287977251
417741241
683662915
37463504
155999924
875452260
408925503
85466899
105035686
48456307
748109825
770197240
775809279
955559800
519241348
230014722
690244322
268950348
971054244
183664603
115486817
76075160
429123923
516324383
419230955
939605699
852492960
953525002
811897349
539385383
468770304
336848272
966805615
608463998
984522227
863574625
979367804
875707357
889460233
562797710
802096399
357292115
839677496
634050792
984636453
114368576
738837102
145676842
25355797
646287712
418949669
275349201
351772193
765110084
797565050
61548951
942390847
988233174
395619989
874872032
661829889
933831883
304888018
719484619
437910468
704624806
322550573
196332929
130620971
119923034
856579914
970045278
477363750
539637560
368617431
17083318
421774664
277343282
28758845
73082659
370632398
794659531
167010070
578216107
254945539
315529411
697928127
930196942
768254535
562773118
340847412
623705600
592391302
655073398
431792267
965472103
131307348
426785426
794876350
8039043
429807998
941281423
669195801
104433205
834402968
514386566
253367457
80989092
906632626
455826049
682320958
944739033
680720020
890196644
145334743
534901799
487017537
52143012
954879481
648388485
795811391
516093459
502202676
37127233
819742271
503327638
341719680
55944177
880956152
502538859
201421302
12564110
326415857
225128046
188533237
663528388
972276340
923061454
13751370
909126357
581283931
324303163
832989536
880969492
35146641
600664463
691629868
655815103
454872892
979455634
520496284
453936311
155365457
520536457
934945670
855532323
237131478
898094700
281176603
723196758
590032692
370319469
475738365
416814427
822595866
625387501
765751395
925540458
332037724
273180421
591037918
718713947
587967261
733010450
743360499
927189028
154037501
852083811
275407842
848611458
963716621
354765000
98626978
341983264
933459578
185445249
432347595
611934382
431849108
973044893
531529437
209654851
653339193
422946248
595596565
298379713
786340078
141742281
711483989
411883419
233288128
90400157
223671942
355419428
319513162
838288574
363002718
840350769
488792282
120049274
847253574
6196954
403097344
149499853
537563289
594242769
863952989
596548242
386192221
491306872
618340456
384788831
556625723
450205602
706052041
426394685
949623894
519953581
883150243
739324164
585618612
921415856
702569058
766187994
206519970
82845271
213670018
230145267
156672097
3907883
323208676
902170478
607913115
281371372
562557985
576083715
497959118
207809206
302930582
154499383
769812544
961941811
391227754
542382114
271596337
566999975
722934203
556004943
64744459
828593539
91381595
989014122
644301392
733427674
91646400
725386319
554158316
474496643
418515096
669487502
372275854
108586159
692264783
479508372
231056384
524572981
969728035
192380627
653659387
10444222
525548545
403069778
424338525
648343745
315251975
101872209
435614589
297218243
98421311
42261433
254064492
402673781
862742061
127374339
909638241
396195098
167955452
283825395
934768862
543909388
774384859
500910536
18410162
3978175
351812362
870983395
728693378
913651603
171577981
262234073
467244758
631917493
491297188
318751073
364925387
277454077
904759259
85551749
243295379
554391434
842966385
76341998
423842040
706123085
823431053
984017493
777216221
418371257
24982400
17484686
828525988
340675049
370991536
299990423
83297000
614678400
263107965
163534398
699920850
386055586
768003229
394875139
71922570
695182725
326161599
319035721
475873250
106620288
343234373
327185147
440250681
348366736
838075506
891465813
175491889
982271567
595531939
652092729
143827907
383300574
614156833
572372361
41798531
226824277
913278992
739169628
629150602
833028068
878378634
182601002
49863688
884388766
227511970
495166335
851974957
972388424
653917192
740650084
463343213
203923977
811575290
486127484
536613517
137121556
923299820
410914555
900110606
448937642
122309455
840918850
986521776
7968341
278125718
36511640
24786250
518621148
318644016
572630821
832532429
664967939
558115075
527777975
904987059
28395603
477016553
491824065
980652387
460551421
39723210
759820307
978692992
85112486
431028829
13033945
550849585
210231116
917069094
176618868
671146115
685851203
393911692
879785166
366084667
771049657
725473546
315739959
947439090
460047800
531328223
229810452
362604229
885991867
468791407
697296114
81850769
871477810
941024507
941623304
156576362
327800763
309366350
445334709
547923816
600625502
873189474
226988404
905552501
216835509
196759610
656482037
541381263
381143814
452827950
422959284
184352775
933235850
190249565
566334711
572153165
202028215
573014750
484402502
333970306
484514907
277539029
126580145
637962787
257373915
36809304
125558594
542174758
916241728
141717545
433121211
928970156
925607225
659151349
375674998
335448508
946818268
396718356
454272696
982814102
77152282
496345397
244227852
127326442
878222960
58498953
225023771
966113260
58480114
278112306
695491035
120143229
319945276
91172710
790182971
719182067
482088283
788873356
879188922
871942090
16496517
450723557
584465834
594497156
434655612
242116061
129641769
397517745
178842893
389997051
480132858
264772389
116483806
942269247
822286585
701668179
560931924
964404991
117643348
601796759
864411985
59875241
576432678
448355660
981718939
58529858
787374723
219081851
780810378
478587310
192529742
868510704
563933498
338524378
386640454
412198843
885545463
880115996
404881954
778014180
227169785
692030328
81199137
573516343
646309722
685166674
678708701
93740511
289708603
282566981
143276775
479264196
707247369
812851864
741756223
213546670
938801637
769729228
887635847
367686261
87355287
236669456
662480542
288743691
888483007
318106532
876225127
839323031
272091005
605059321
98389456
642551079
691080336
69495169
362996668
913469539
425708107
444131425
298431167
498106470
737088899
717512766
95709689
150087919
1554285
32867968
67534549
71903401
543035899
584383935
909043364
387949602
892958439
16895503
228996601
310100785
964416340
162085720
244904970
218493197
334342789
863477628
2077195
403666778
69765763
886475683
602406786
858029593
852758053
176412976
300964234
727506682
571367674
104047247
333150099
786338228
769936243
16606809
722116996
467657120
88890272
464360873
726111532
588471794
619216299
705660215
16793493
258585019
567288313
60897541
817050883
361362118
61663969
521394424
785692443
6670412
848479470
926649732
561496938
892440066
961983477
750521797
374900385
97169870
329859462
824916616
16176740
880799703
182679730
962229901
427783533
546914816
914547724
28019289
926932275
940269916
253797457
828571145
551630240
346900681
226603144
400638129
561617320
667733558
822301241
57662154
429247174
221250808
612008276
678269770
227126738
511580183
946719359
511662489
155873246
459012461
261778126
651218912
34700335
902152462
774091378
512301789
755752886
94182558
37219150
848986503
293528493
70963655
633146903
460090241
459357663
673759597
167448467
580384355
467679358
598527775
184166179
593653252
467356768
261826275
173754594
512806518
196242893
811950443
4836738
191539540
526501066
642725888
468445629
579675359
513042856
999165374
422799682
203945693
39518417
921742088
971768721
799075151
830801946
584589004
167970520
519448260
459654069
863394066
682486728
407705879
179216946
938793385
437341239
814079290
376630709
534601344
202619885
685763880
639460891
199356047
908493394
380261890
671679782
939974816
975402776
168084128
157245189
464979973
232214471
153972706
524269995
624673943
568855074
253064267
548948321
54087625
22810969
630925760
266815761
763847705
170163969
420195035
804547803
920322416
166719869
542720082
901223742
333413233
428150481
505074307
625977401
640781477
316360860
862516930
494200984
45621966
771879659
899787867
556492921
860578781
421739744
12872518
971762255
57427962
431331069
978049407
858312953
352132518
131961042
171815436
5555522
803509310
630136786
922809132
577786360
163247501
765059982
770964107
552095042
97797186
191754164
299820336
115945048
847652545
291247681
282469542
274673804
106607900
566156418
715862762
501309063
234577693
461137117
537984070
375412762
272766486
700501793
620145817
523830547
531651520
950130106
195497722
562225155
191519623
60235381
564005512
654512461
915603815
57905533
63193151
722645648
687326274
676573363
512656406
216833652
480128663
730152557
846736755
970152566
333143913
644480906
24367399
363793597
688853158
964988437
803440481
966201675
791671632
687160554
274744782
956822065
161704003
517692873
820651251
399730185
868597362
360890911
951713349
153067770
809209926
262385536
8352837
337898026
680971549
906734450
137351849
665659880
519024714
439374359
86562469
256972832
179655415
9135970
905493865
660067986
121678327
334130363
812065605
925838715
63279355
581443944
872463224
683688090
318115926
677661255
387675820
245048685
991245347
529986571
363168992
958852158
509629107
96418052
723638134
511325220
968346274
62239984
762366313
230254242
483214106
199478371
778811936
497974614
452199711
946589076
437002151
571535235
861027265
765895722
103098443
89169561
77193469
602480743
91212165
203621137
70030805
928870047
415479462
899080830
691074469
768291563
567519814
542282944
336469215
966223089
983675553
423818637
982706652
373787204
290665225
606291234
423398893
886172276
822360896
371575105
483268494
205330297
632855118
175317120
460898858
433067695
432589937
868782931
515785870
965217029
166449324
938505022
418153914
359061206
236010648
27536896
731153911
927554483
784295120
475136995
870820010
597585717
44032115
326717580
966314177
504994501
891196207
484531507
843840918
29230108
587978857
134891340
42635533
656846825
535322497
472694381
291874344
773649204
707646736
5486056
480673076
588203996
220686188
569156589
612002350
17316663
440450530
805590144
796017202
397710544
582949352
130077710
613337403
257286673
591212030
512436463
113256888
151974550
675218980
967595876
364544927
179862021
301007705
934557211
853637615
463837833
470150645
455293590
133065923
633635214
135023907
5626628
187286692
761952159
250413758
325150915
231921418
614189510
920548046
506652224
364939537
432895672
701425225
848831636
637001609
490111442
47948329
504685754
892771884
954303282
862417672
686743774
162877417
249099286
405906102
500433078
789124836
175905649
546419525
335693329
285407991
850194216
436417439
124055254
232802980
463835983
972717776
293441797
325426848
437751679
949671650
704746281
215849113
484810389
903914660
361578534
119621959
533423733
888720400
519198312
230478652
587205612
681196372
15228785
289620562
269706849
976510687
778970045
177181093
493191994
907376578
682073928
798533318
382912983
598211906
505098396
119548694
529432029
387038789
995149214
509470041
580859569
755135233
350365415
321123663
203659337
59269908
707184377
581823583
356352425
849169811
283423222
342061300
983727247
733905634
673572444
99383112
807466202
148578285
542486191
202721077
73977059
933319737
594578630
146460690
356308256
308530105
752408623
266491648
414193250
896158932
699183163
598785303
708100552
164276905
828139112
421998770
515596195
11726568
364770728
739149845
545027804
502503242
309345936
163805697
379614597
536848960
724149019
532680140
312111587
481409061
697220449
619810661
643034712
19242566
361013918
442561020
540247900
106186996
910406140
549798074
33249443
769403745
840002994
987375742
657251689
598488926
890770108
942632617
242335415
418447023
250067789
536839816
733689316
619157388
634636837
521521829
709261762
630627966
853463109
847278376
19616581
22533463
884919173
976846401
351449204
654415921
567161584
540605492
278578229
307173244
512866555
360789874
671944418
648843551
368057279
876503079
854248263
675916602
682745312
649086857
209932510
119199544
481280118
380357939
26989148
97398497
742510989
657459871
319215517
110132752
530638476
290373155
206156618
163505958
414186601
400484555
53789580
470073145
77262242
482408974
22126299
141492864
262600448
966531602
456661730
485587414
366883239
366002105
229268321
791686204
791711138
631357000
431904815
351014469
385904519
836277501
35046940
167745155
893028008
51300781
688865286
959167864
151092133
179782489
385857244
512109585
680924364
823777871
167171345
116609338
693706829
541326252
510996882
220518909
587416799
856459408
672016174
765278397
915630672
467089304
420054912
326194005
769772493
326450968
917321697
495861318
915301291
991642012
543472726
608755482
391281611
474650453
306869105
933171096
192162285
817602887
653110510
895475709
594338782
564223368
117340010
264379571
831965662
631703565
20264681
649646324
442715549
450453562
382119090
587336961
630758244
232587870
85317697
372658276
811757927
561930427
547963501
142296278
274639493
705787688
775879498
16686537
559519390
757613369
532839007
903314842
497655770
421285663
253367304
841463158
879092052
386645499
662921846
364071932
102453883
774771501
937115671
523110259
581370977
519142280
317134838
881505750
239865308
900187982
951716838
991869877
156734470
782453475
233661396
394548415
513655034
121791270
319933717
565329048
831834800
47501481
531003790
425284451
597359979
14447242
279457717
604819470
739356423
867318077
129012301
235043558
940544003
407059598
788584557
233545960
1309523
914028248
498503030
262164731
252153413
706333525
193845087
324673178
467480925
838035765
956959108
687691626
788025248
421714751
534349843
49586588
573368337
958338910
854526951
746296213
798369887
765347217
171564003
834142849
355455667
517264025
590845417
7926129
239855355
537239977
867298793
541715944
125605585
333367392
227454998
691229789
922301546
485021130
435704031
48392804
393993843
726418950
617049366
157515160
416968110
89632307
520033989
10679828
484614396
508326087
262663816
392473697
824374386
390765081
4556602
858717010
528576591
477798061
892856312
524204111
183930599
545799599
645457840
636200835
238442865
54149026
764803552
52232038
779787446
996013944
94478896
590601457
169202475
603190552
585025458
237292860
641895109
276378741
945758452
348281282
928233190
97786432
892654764
577335185
917557145
778088790
787385772
31064757
47318395
884560596
142923328
836121386
682816630
745475212
382796545
235509380
314652417
907716332
151020683
80302984
681823502
729069399
720093932
418444344
137055945
914239422
922490770
96985948
507131056
311783911
934218576
650869083
789615389
460664319
367802746
50932411
441887638
344855425
647018579
215736763
606633624
310083869
445555184
32591899
557834566
412708003
719590108
762765244
914129673
34837573
89576783
314286086
117143470
573298536
501708035
24557703
34364034
405441702
822857481
339550032
331702634
521004104
209204774
8007663
779787913
353570660
257915946
331228551
125337531
583582240
859759245
996266075
947394815
437760645
447581896
85795463
951407542
335234098
188455106
234868394
41960956
159757177
158952279
348928355
86267400
332240484
988578726
890602135
485329789
596443776
533894334
403307698
364160552
378210302
453044211
557964686
317373929
221877501
259071230
216629293
460468261
489068319
603355913
536630262
221766440
764924273
505258788
416863290
198506294
602635526
197356953
577127324
319695688
171711997
951777202
483145061
532053541
993856992
612333299
273599080
448277366
901099237
117636276
226963192
300799256
674695952
527631572
871082308
270291574
872897612
324853578
328614150
748589143
579146297
184042140
967757726
801516001
562435736
211711554
918907738
385035742
47720590
298987065
624633319
907187011
286015854
794929827
345161033
504076915
453402484
449372567
880206317
259098558
195069339
178611516
10487699
145601974
989698924
753539257
843816635
358685163
992146041
83738168
339748178
528536342
1420710
943875906
403758074
509447757
991602207
546061864
459381052
288237461
422421745
688704515
620985467
665464768
662815849
551840198
54962307
206696017
400426021
131717285
34801659
638807415
937366560
449609591
56156826
507208640
17930608
538451569
898776351
519722047
887521269
648614151
359571560
859761493
139835239
725397629
211787806
304282854
438484758
522399001
723660189
819704664
568947955
140635261
215739542
121235771
357845160
182905552
434857316
913150958
587764935
711692109
328485929
212868516
846549183
799359180
127814263
201586125
755392667
973197370
749475057
818870088
806336986
636159874
227897320
883683476
259904158
37017960
94408399
260994736
772460611
801961892
289348872
719007635
166682209
422717037
976994245
777737493
210420956
103279960
627171906
36802615
415130280
715201872
678227798
580722055
128921996
546524404
779388519
81827819
945249591
583814825
969458899
525841029
395807331
499014983
642424527
435554721
191621844
133607768
572986885
719192661
223203983
485935575
269313584
364707980
236152843
186377473
776497266
46894825
443415467
256072800
521042899
62466040
188036451
642497067
556032227
762701696
18060854
287235279
883363093
971953350
969636960
677790928
350267239
969096925
289201339
873109202
831968936
695211472
212749703
681535756
56084893
114822474
465258681
90832884
774514622
139647250
623199496
816332718
246899582
88033298
687382107
742690129
753891247
461126693
79986343
252482988
25671245
539841022
767971187
584489614
252864765
887383130
404882465
621560506
800015716
899787692
300585117
455619299
65537543
63465493
268381295
829835671
716949350
206847590
709665064
103008257
188192023
142429642
821818989
819675511
470238286
902492732
30283778
708499519
204282509
521046310
157231346
507669765
809582506
427008730
657099983
21256797
588567631
893732242
7530906
431509603
815711205
316590969
456883012
442332485
9307907
287401274
148307261
183766103
556291931
118814806
268864188
130825274
834374303
675125287
662311604
943346956
552778658
660676565
156835548
638038344
848896950
561951774
770843749
529233379
302929810
592698513
122870722
271294612
305931851
540313303
82301928
677701510
904667616
947405289
343901634
501914441
434765824
452267250
421588301
727155956
966548233
162749666
708469579
772678681
499238736
901668621
809658979
719022612
967801737
576907832
580135183
913164267
824983972
836640678
540778313
719679323
29343308
987939246
529656810
828034527
386581022
251756117
996830856
804719031
591700978
430098728
526878765
475643929
804825245
848258627
443006266
676477257
611092272
498599699
206418156
291507915
634639595
771945132
942413750
823455975
104789918
935426029
30212089
636714704
21887912
257484414
807006096
433938175
910200764
362343969
174756961
740583066
899257089
218129133
645770013
875559511
251106058
95421001
6641537
114897278
836181010
598912358
141292379
526387495
515169482
890766318
704714701
415894362
805910184
872256961
724577960
38334900
518215218
131414431
648135353
734871703
915318438
933148491
766798841
661912324
401702125
464538500
599187270
816523901
984012865
283093861
924660492
548181160
220332263
170983429
261204571
622246875
757604800
13217628
526396628
585988984
516383605
5661114
994696055
135938906
599888765
954260842
587956563
274447538
397858858
180264501
999300040
327504185
538583204
733307974
4928499
947326038
226606750
620801334
616248128
779145046
945848416
813952993
743499733
829468459
105645388
139605393
830291473
23647783
68123141
188490727
588557398
981599427
173891696
644571288
955875922
51316323
719361476
112373358
579502665
325051585
163419820
153586422
472875799
818270213
283769054
534124231
436684660
378183563
706435249
849477839
111515246
137718849
422416147
770912160
960851277
92806834
690152458
485327312
174344162
69708134
209081901
310234922
943608534
199092242
616013880
7903607
950656862
188372218
312650521
457266760
10768382
556397820
68584973
351593072
696621546
749586611
728969609
177992441
506038659
455356867
845532494
731174735
99813323
647562258
32930494
203064481
526454159
553213782
71855830
886895740
252664402
822757588
144155737
572669224
423879089
271350858
920642412
989486007
649389061
982474917
879750468
819268672
448401890
708267397
977033417
298143108
576069435
571159660
648127798
511131515
519583785
907754921
208507194
349636381
240053653
623075623
290076719
559882594
732136117
794819189
44616095
619285971
211014799
841214682
756910318
53103253
685529700
786360935
425228575
362808162
299051651
971037701
572798909
571555405
706311903
6181869
349504785
542262698
388158512
805081196
438080200
135172478
804108224
849727135
69607622
434680748
484476194
549598070
592668312
78109366
788381683
774269318
708197201
733199351
474973931
352647029
243474687
272102183
42894708
495708421
282262081
754936856
158364281
870545742
296137404
376449515
229260785
384616945
574358807
690612724
31474269
717832853
343272404
104255913
889914268
961594292
52205419
70721906
148774293
981684525
873821934
140338956
605215975
461749416
55392055
703545858
852328372
581015027
854128267
662798200
359119602
144057399
47639502
905018365
567473838
390112781
300141803
199125362
707424112
42484539
396716196
423328872
486981823
391468769
928510648
34729879
448026387
231302362
279388161
981011560
735374422
502954833
278401572
573784995
303478225
726312735
273391156
195111374
734153942
916046095
783544833
373548618
329727716
515078738
8075564
457239051
826341677
731689269
991923580
468371045
60401822
305241795
551005127
9617019
830652417
305117675
728102885
867710558
405573868
575532185
59862704
419773632
896919739
916720683
231691375
642646517
950303706
374861253
620926924
5415976
879455321
877716211
418707885
887805441
253393198
901230361
81959728
360814565
923762383
874054768
751715830
661589054
687104829
14077584
270156276
251308508
647876625
145047840
981706560
93728802
763271468
387792529
865510953
591524693
987919946
595028336
6816481
85769645
119307654
308242050
843968321
968351024
9905906
378947685
691310472
729490793
186374882
875810615
491741937
732968297
956238193
882898086
275779698
9179512
734958882
152576874
346306292
798765576
961603801
111827268
820818159
8621707
735381276
574567815
225934887
44824311
442430220
690782218
156990214
490040626
44589126
177092566
354585061
159080097
25311034
723065713
686145600
623913990
838973683
725829584
554445273
542914516
476827386
202562711
348639209
995770623
650611038
500619914
91417384
767506083
726009172
198189732
915228227
379446266
115897401
561878416
353303989
873054508
932595818
21047193
994602418
824477441
354435116
465637445
733469022
802861335
316140750
333928091
958160854
570086670
529521790
647331398
86375722
186546107
13593760
93173087
217562226
644149959
931738609
188178198
812698914
604202740
181564805
920048096
921134927
632246636
50387669
184462147
744136018
306495680
997554686
364774777
10878866
831864860
516679855
678536544
646284464
696318728
506867987
502854007
612486831
780569372
562251980
37134691
488937266
809795631
889633746
270864092
389588897
178795936
138338969
16768030
727477051
639190089
675924241
501696943
978292358
537427563
197528578
942608168
20252557
307305094
574735837
75694041
270553233
495176388
509465161
30478900
160249837
648785033
985814870
136389631
455112753
790237211
161264404
683665512
945413956
755100189
211391877
845017708
150581204
75970144
320420008
561614041
502630979
636763093
90341093
955228076
401451587
443543431
968429227
528215417
628637992
584050645
658817024
195784053
84942168
763852125
960064552
370765930
15860032
752405783
639001176
304533173
174367588
740697491
381127606
362492073
967941094
900353422
732340178
653054163
92232259
774072220
13164448
356767131
348629971
436705414
216335558
976954725
540459242
696195799
211203217
273522242
375471027
920427520
948103434
863503528
971192960
372854769
25014874
290723506
171417836
416954968
933531585
325233746
369095831
59575199
284048789
594792499
577767931
370991702
651884141
329340682
724629374
451983528
868132713
354367062
953882003
497272475
719550734
170935620
281875000
583634339
64190516
89496511
788180324
488440186
511040987
230830982
159174018
743715897
527938953
977456587
491857328
926945275
683460362
992283799
207225142
1975289
380267693
89331836
916220651
265849610
832460896
852441773
875679243
159666046
907399907
207340278
102150551
445767275
924902739
537976356
635718237
987938879
959700399
166673846
54842594
374239089
868611940
898351557
901133446
100198180
552607442
462053536
450538380
828823778
953889689
790767364
166378299
892494339
822938639
207890784
264723639
127957353
45618075
675891514
899691274
950811177
102294607
534323910
155527065
316910336
748089203
426021737
721309202
97336768
994127741
693684519
336718643
320190185
298642386
920791979
251606402
202477950
294206111
904519056
653792213
490939508
689849629
530940897
461100166
610267182
994426783
627587251
682658425
862664700
807140519
625029878
614119047
611909403
926355379
695295716
992358732
405243027
915171389
192446210
273208249
235832587
443984349
512971788
514902835
350885185
145637808
738082820
710632254
963000078
224527583
783197282
929621492
114888417
72904377
282601331
555579738
386943847
567000555
337314725
67934090
48563274
582353503
392080599
476467523
909730686
143832966
666917503
128244511
549347253
427375905
941170753
742496328
871915087
551362802
31362721
284792145
189402928
799294912
392187454
121643496
334567369
252758177
452823219
291536683
479267208
951665097
411621175
827141319
345633179
850288223
265709667
117320194
503975154
610082791
409956953
492385154
580355390
512046150
861723995
492437188
32322592
951104308
378335620
259305869
97682931
657026469
284209236
970085004
770363118
333709560
511870294
383348768
745635739
194478474
171057805
118105587
616498350
158163034
684664727
199720622
662590702
478638835
923035621
311770230
457134752
68088191
483842584
179259845
161786797
566933907
248163483
5877900
51672135
969603547
956571155
746297635
985435498
230786365
167239506
250576660
6609418
12893388
219283712
576661477
286319333
498727857
449624876
531235947
139699717
52355631
254641045
959564851
505456759
704416056
813602687
275808113
618429477
23351612
144378519
417244009
447612843
559033134
799401114
463513508
826266420
691224855
509605864
499872375
330385904
820361844
108127134
483936185
985244738
210025808
445041460
656609384
664925663
992671828
908077793
611230080
283454473
387533785
606517868
802194911
448821695
501319426
117149940
485989316
180809826
532491899
165594886
78070759
118603242
446957862
666138327
962285080
689451647
710151120
644415245
332736110
5088730
218922085
728146437
813822821
50915767
255588522
515976435
851082483
290023864
47666829
150742140
749607469
539528401
302426653
892784024
978723519
105304163
240755867
965592367
782058895
81380312
97591472
533614537
946594633
284044582
859851294
948928934
781194096
514525268
249959020
997330070
764267828
361788131
33821158
947861014
326606917
777658958
543027872
341980408
708171366
194493689
938224150
136980683
638491592
999515016
939941090
561079279
761602180
331615354
371434592
501147448
920984097
531410055
637305331
677182397
952166328
63759932
357574152
943282308
822799908
238724598
884133694
202585701
443406656
967354380
791490339
505106868
814446047
850831187
761927100
873349008
526663369
303649832
279118668
424395291
680814994
199387154
475660713
338244655
984504816
925822792
181716115
627444170
88062918
355461624
208743830
81811259
662641591
89607225
441286656
825785968
320558073
167972593
171930067
30258388
10578525
195579485
961933728
376565530
384683414
271511805
746937966
871427247
822855172
342726877
961356065
587021614
72919179
431485900
357949515
391063914
277990377
119038915
711113418
163654450
610467982
378310437
149022089
117835751
82502635
610083880
446589793
178367520
808598946
177633405
633324715
554460576
828248257
156156925
251347136
178900365
16131965
706678035
526784732
487720783
593496417
383330062
597623198
67078645
817656881
798737661
757865289
866576760
15772346
682315563
454029045
80699953
186060057
118143742
605926454
66619019
441669074
688705644
677311267
848864950
940785315
847304498
413054541
827160210
453682011
811769022
879912432
701761687
329974114
31781366
886484690
996660868
462773559
264204775
288970034
411029689
490039081
93270068
145759049
829406164
655077125
98694342
297198722
752320631
579525163
709905459
870972062
411502119
320702633
37099325
874736535
302702187
641840797
406819257
497918710
481166844
447783260
796197761
168640635
724392753
551474501
130780768
396814892
114181985
590149735
752931248
903754946
213739012
946800395
970549370
663080260
281892876
92419138
996425217
725531298
691061797
526149058
334308346
533327666
930101583
504578437
772683555
248243937
719028883
726020475
730235908
297659930
719603329
864729276
579145277
307903391
106347579
491883790
88868373
315776526
215998858
430662676
259536382
473759218
105089355
180852055
753152484
353351110
732345752
305015346
278294749
915531192
87866879
192889913
59644841
57123339
998891300
855568701
648498189
806420338
71303740
333834264
60347894
164620003
738188145
224395444
937930277
321851890
523675073
887636161
287636604
583195057
588165456
93853746
263549363
673363591
496906900
703819813
944560244
514892105
229715289
480385298
971675708
525211808
91187374
792344297
524026569
552586877
492193307
445151441
176868675
797488295
823078480
659883729
102364342
70671694
964261790
712238171
16723424
897338503
3964539
541874459
528726524
478906017
280216782
206591276
779327545
955487144
737811725
318983515
170695939
682494267
811477351
185734903
28923475
584400944
579692513
345277062
312257847
257816263
439669822
607067992
220601427
79054319
369060017
246298560
393537052
865553293
157250016
791697951
27568160
294932667
121018845
129104602
417663612
173387071
422006970
820690611
457529452
153806749
807768795
642438308
492840818
99601975
706054755
847560999
831739824
909983467
825896605
404669561
994251452
712631506
301576367
125011514
443524883
393771432
574495899
496576028
476690703
139036842
818637394
172336548
685694379
605309059
781510198
175815161
900225001
820725584
989292202
816716875
262386983
658505098
590637333
630855007
819774242
499817668
876000354
621273494
364097250
812940339
56191060
9083244
742845716
40670773
77842105
770088461
799780759
738499609
297181363
561765939
525612560
839337073
906256140
199845401
480962905
799916567
452836745
997685830
996741077
708248704
965921387
463053188
581748279
431377268
323899181
593808425
874203246
504635036
580618114
168029170
320783892
60302680
932792868
445812699
247391667
881864782
43935460
344599260
898762436
754848290
706099846
1219980
773060674
474864760
111076314
76168752
309259214
12536713
921803054
369421375
768173949
483360298
366014943
984136217
385087200
519090449
318157233
920023715
815029727
955930894
157042955
390200338
83510499
680428509
266407928
82388048
291448181
431436404
848919895
874282739
722192750
643791745
758947272
246471193
148448606
663602021
382998781
996145993
812213440
402924901
109115894
624854415
102864165
695893921
965392977
752549478
515271320
220638627
242727937
125848428
932927555
765051629
195895167
861623961
377695110
305778554
291711573
511859585
773926701
106208992
474782684
795002289
574036799
189331505
806358362
645366557
135783757
869464749
137488952
544660239
541550598
542766594
780459778
568916035
711616598
949979681
473602619
319472978
218715042
721557932
131225216
205348149
260992114
500369348
125207962
908211838
964945323
444732659
493471004
554473842
788874378
624551875
165930860
399142269
285790725
536753173
833657176
755209698
667891007
92803061
461286182
168447300
865744319
462429369
128176470
483074647
862684844
544493806
274598000
614267986
238317639
234495011
133074627
310034103
228056491
108554632
536739249
479627773
901324227
132100928
685151718
456321793
559783648
119730923
529196385
182688683
911859115
856125288
334035916
690202903
579037914
722583535
111338765
490126316
339271637
111886189
988522586
345189392
953786502
764698446
59746187
365652070
866674387
428732423
372892175
767853400
467347060
534131874
542713355
655680274
279548097
180291332
882074353
437221307
96617911
599164960
252895448
286800477
23155256
708194968
811890273
838025620
213853314
707246478
131099217
733021248
260633044
707245395
307155675
977417551
384940576
802304377
859018280
488221813
930687033
63717010
195178773
165836488
697114479
474234711
398500943
567902151
507862632
55964307
912439437
963290506
589823878
210389593
564056334
824340482
135705274
513113992
671128343
559421089
847212277
213882698
466637542
488375937
214190731
871320792
56479819
242929332
181920675
950887092
289477541
680981511
142430805
142781020
325602500
590103924
653596665
786877652
401548949
489072882
85676783
801986973
414250875
169441411
238864375
290084058
85778750
603671231
1214366
973364630
849988314
561478684
716732450
501871490
397551301
467154256
252976490
634944408
832954666
834098631
263219376
430808018
580083744
946415833
130732462
211646040
195172127
811876502
891979667
383033242
104064734
713634923
954364594
746302375
298430066
214568964
418589693
238480226
756999904
788932080
275276220
421100909
602515216
393900080
476562207
924584299
803910733
315584666
762460182
705390396
162859697
454498497
938259381
564211962
26330478
433028769
434330754
968473984
403090843
666086946
827269855
77006654
586067110
984002794
912725353
228536708
63378796
807581056
359963033
550587139
387431909
308886561
115371378
574527162
611534486
536814315
431569646
22692272
327193371
432304778
267822885
517579822
965280473
959968018
146121766
10306090
464441156
834849037
840730719
772777637
613235731
154870146
294140272
823920350
93788651
468830277
875575752
857825226
505939450
13422150
290826012
29075164
229285809
527824825
509678648
633917161
464962644
362732531
447153225
759803654
919182782
555296191
676058037
311940938
539512630
468398339
277072831
742457567
525169950
248136136
853831654
137179387
186390149
264013666
472589964
33422135
380183113
933296587
717481683
450092407
734122407
128244681
680692137
922610020
484159068
508094295
245104447
131008526
715440010
800137706
403278962
370286984
629156744
987935976
610481849
904030070
528614312
786850840
140545919
764729741
769719817
678309411
542904786
340052947
967878602
83649750
866058525
23611176
769899946
708216597
803001448
680692371
307832072
718483065
299878200
231097415
801791525
612343947
238900002
948787929
910476787
201226166
178672138
724213919
455019209
247226246
576903804
715978612
115982587
798649506
853954256
690186719
618589892
723983787
992555116
997446197
209938859
802089569
829178146
738949964
36305522
193253067
280002549
493011227
717726031
359513384
842802672
879605472
223166855
429745766
807905609
362991320
678270078
92690435
859179565
375209091
939437781
989205843
976742052
259042653
352555921
13532026
604487332
760092380
932993517
803559318
783518061
212678895
268523050
873363097
721887252
488817684
749439940
744303821
529062194
987397439
617353613
834609650
730748574
761659237
183284385
733980805
636316125
507842875
735329251
598411306
336191875
930445387
463041574
530990021
772814039
356508860
343863845
372336626
105204719
926860998
14771035
791134256
159921055
490744427
714042012
596563240
851128177
524947639
893800361
575778697
673624268
886025253
68138350
418111290
19227770
152759909
934952803
267759662
696253556
108239022
881128506
998956483
761283472
722310182
976819258
683909461
217727431
460228806
969280551
868959340
632422794
192579898
547642100
458719696
855301789
169866969
50666993
494312729
655748965
13356919
248158904
730508476
649088220
69953265
67913465
883549037
266290888
546874020
225091736
891477263
875258035
134432231
663433409
1343515
172988108
386412533
694804139
348366875
303722075
530038326
996029800
939585989
963313048
610142617
518534262
32860841
204832499
937210553
500394987
797665360
877898865
951307966
485776636
35135537
499876346
605328411
752980636
362363539
328168013
461752679
430812924
746453291
804101891
832838306
145422822
562262707
6541523
891675783
741135007
449071687
617402245
924633898
317855609
320422828
276864130
132132485
220633673
162718547
328106108
274241640
996826759
730738297
172046729
964143194
774890563
945484568
637910355
79959315
767069580
396048112
597719919
441958904
599827175
475186662
42827004
20134451
597210392
237238664
35473271
339243400
85760717
638024225
843592084
495718360
650367993
906299349
290557521
324119567
468772330
736276515
817426941
347637828
261382369
374206465
944118733
116813857
573828852
463714948
143192277
631194105
592457330
2436040
201315661
590650450
773750416
691988755
498081323
209818569
286389396
579237571
144455980
660152112
9086238
81874144
234454369
519696017
834724676
863832385
495359154
640654321
692016369
735527456
127607375
232804829
23809705
897221375
956749467
129577723
813873072
980129533
105769310
554156271
671108465
595820266
752971386
716294086
609151008
409222450
260360936
97553058
428064893
315801304
97930030
129699223
654948176
961087600
942043309
906216268
950543774
251318385
264056122
863939613
481885674
452004711
211406927
226576024
835447412
937041950
520798773
487503453
665201477
405333928
136230638
969728833
693258840
770117866
431529814
511287551
138978699
971452998
589022751
435919480
291096394
260598612
819514413
490242934
748625016
295820787
897547413
892383735
313721339
962145233
716974337
55156709
144115414
545721705
961638956
959974410
948702468
410031531
645757818
781170526
279108821
122835327
272578141
334558153
309010808
94553607
817053284
489578784
435420754
640467915
279141380
801896666
178571495
957580507
673675611
202278718
543795546
314317220
89975749
760187371
324812521
179177899
545248276
714844693
945714558
996537099
658832583
273145281
450038384
816194842
420264645
250442380
265979947
30452914
605762229
281286813
792709978
949163146
385066170
174372688
53218172
401107971
305988441
250862996
29723864
266816644
745477259
779630544
259079276
22958499
833315320
348837128
396667508
165176706
513257369
826838333
942908665
739316814
63602142
561131758
969230803
863626873
332570353
664662160
758684107
403352722
548902720
407367934
61968594
145248299
225111418
735594019
642407054
546768747
199681251
704473943
216822405
131052884
985254830
999071223
709224005
294561685
364858420
706181629
798703948
181986004
631196625
357640149
481355908
787199560
509910136
625270073
709277740
690602346
544994451
563005682
238144998
433406844
729347086
120231728
877237423
725304021
567908534
692359041
197001443
576173571
118553326
655084771
676419720
175188807
860200961
399557395
330968635
573789912
990998973
929005096
193502012
118750757
603600616
560535805
277673723
667075386
336527460
740669722
300407593
995511112
968081769
856197596
92324432
191930457
713012216
807731826
982844039
489629539
491051943
604669226
478187082
563838717
300281891
761519126
391198220
761580539
264170344
858034287
197198194
987631169
90912845
350867592
236075004
260384876
212906089
443948878
609391666
732410212
721135392
568961039
775631335
334407629
412068280
884862749
570439556
379646461
627496102
674613516
767285716
311596863
914080978
286598102
564755600
151820272
408965831
345826946
916144162
290800085
845094881
798202209
17574100
879494885
956387283
566126251
777469824
50542532
917491359
775549006
779252323
912145502
783741699
838031128
525334488
665680841
150847527
810757022
709211078
932988453
813941982
529656106
280846961
819103885
974846635
46727437
237172959
37675564
353352215
936474021
680845813
731843250
631290702
411309246
758640808
185803967
352125693
399060777
214248723
768277911
61573269
989949571
338174058
754021415
446678241
943525737
920150084
365422477
766884693
938914785
255866142
313460254
538146617
42248300
522218415
474495060
384965805
344405073
320737322
197656355
581215900
399040899
331364591
263008938
413415465
85860623
713117672
686717629
983160018
201704536
406933079
99553480
472520107
956099730
312787527
544439494
967392500
951341396
475588374
731044907
89507201
471365690
482313203
920417095
610150012
949615720
394458441
160038219
549396362
106969836
966585454
352014265
442469314
821188115
239104070
433464183
537818045
98285387
824761334
14805895
994842877
624074583
104790416
356704011
383805071
564221540
674114794
223886750
415468762
782384886
586574356
686061566
186713389
27407878
816445177
724906155
786546079
596300906
633716828
456610356
970851352
502666485
195977246
143700772
214282583
293767754
122222701
508885222
246274395
114971373
674948617
255306166
613942267
714247703
300195815
210563142
428523652
895313209
407196381
674043637
347853501
698422611
257881947
278505683
634706480
736851867
336382343
181614961
267281595
522764524
593418547
623759314
502143462
443489391
450967542
657852357
297103328
266936876
169074072
969676259
266141504
264535479
44291587
577059452
253949389
909592943
257238679
653723795
338765213
566384836
557529929
294548681
956857799
273853767
446834897
59184415
291734122
953598590
745910562
977390837
206193995
320204544
17197711
680733330
100511424
441294143
532903510
212291277
851393359
281440949
987664474
94512373
194166997
359281621
564577058
407643449
805737972
264613964
27219216
382893098
155151302
130564227
376547197
45288048
808500744
52760906
494661911
830400784
634453441
955747297
477267231
457331453
838175663
234616933
425606733
219212388
440830597
557589488
68401087
154740516
102057748
817498679
270872141
865849122
131962612
694120660
976388207
270485312
880967411
560849722
364414024
387458110
826755168
716417355
540769032
694015754
815456957
108405447
410188196
452992322
666077148
847591233
123219734
235120766
843657467
704260994
817357967
171587391
497551385
109735479
889457914
201285963
261440774
383031770
603565430
39409473
405606572
765793113
850532987
851416873
618296936
564034149
409942762
477306566
807046229
893469024
124647831
666066868
481054503
507623811
698494820
403598303
224145788
908600598
934807775
279166092
222611026
459076256
344448755
504699879
674769001
637701652
639973902
710184742
76226436
800397192
521203811
578897211
774815399
924094964
283350076
98092108
204219190
632099642
751126330
64951893
328282172
626547672
29361898
853684910
358538908
563618070
552354939
796055789
406839767
279426799
218545712
882575742
489730755
425741992
345727758
284796422
717730355
472216635
270083060
848306527
711048030
998592239
146053355
149923093
109137825
37861622
396543284
29899690
870925771
126420539
182715178
876907749
812842825
775506818
573994792
197801353
447860232
828766238
413818429
491705498
654619440
528872380
234883296
726180403
26426284
897067884
2333249
402276144
949609047
530494479
430931726
946390008
928702880
721214253
670561873
626251170
95918360
182387584
480203641
715683466
713609898
97153863
157205171
357768048
723424870
774821849
768242578
796758500
798432696
249070192
688618358
376142824
735379797
757861300
289830669
658947432
29050700
957331133
362815563
811521862
886839255
512103912
531700406
329237779
83897898
220463255
689276617
209520380
935154726
561323909
673850098
624768147
750677549
461667744
16567021
953073319
552748590
595876766
355656720
517727088
203700865
216837082
218635012
332709726
51870568
451075037
407616654
620587287
241735242
696459556
813904090
929547968
208892530
399634357
296765926
927246283
594255508
871645421
962049800
547264260
952057862
396772996
581850740
281045078
670916864
150908861
834529512
252407301
421024058
569075009
914846803
715898679
987802096
506479367
252587478
366859043
521085942
958241052
282991407
173345226
918437230
681133206
432593627
316629391
58032327
675715126
777450093
623717227
319010980
160283212
529482047
215295384
664546425
388003900
474725590
429852643
991841997
113158595
972806939
56766002
503204934
833162629
322095115
103432091
784660289
142965842
149277783
214726632
847024932
414353029
648776757
722036552
646578999
477421629
82350517
704301604
73635715
408974405
585397182
652333807
38411234
975357289
818248153
993400267
273915575
728086536
610179208
473367908
715649542
768220466
976525635
403329555
855966475
27630828
789162036
960970830
713180503
609631127
719446133
778772040
317221373
701104028
98451738
100439700
79504831
34252644
934307984
956744888
820846105
604804690
665004818
306232321
696858603
627150798
864409611
518224929
243100761
670025769
594435873
780485543
664307259
618975426
763103884
116162858
254772588
464149735
197026947
917220705
437178676
875093130
543808774
104018596
462885275
634230380
103596488
344054150
277463551
770230465
757213808
764134186
810301817
669971865
145451281
63653415
624274513
854230710
359790145
942478044
794900700
472710100
556101713
588548027
191889960
894958101
533484523
683476780
360492491
441244658
987338917
505125733
753433223
135863413
690855442
931524973
691869545
398070935
261882831
13984808
497500233
42651748
808195088
899527922
618633775
400612875
68146707
793783402
875156980
204313280
590944355
166323188
881942996
826465122
754002101
648835673
936046287
495397787
390259627
646552607
382476481
506977143
422974464
311420423
728159136
440607245
708505828
85480242
403381427
16014810
754985016
784003103
574620719
346140757
299802332
165475046
941942466
737815314
227055460
196221224
514188101
37944035
943011478
612908544
131238300
980311671
416459214
397375148
686999057
362293183
170650306
849731877
622198688
285013161
202545914
904163886
875898110
275219568
106916773
515200292
566051990
759669913
248207365
42435774
649768114
165643059
686638171
394147066
318369873
749944267
769609500
40843527
838723210
582344168
814194574
825910369
731723318
550876576
434921226
313583364
828138176
919598004
884506981
881112068
637479005
154643573
476417349
932636939
797772277
606730581
237680761
825930464
16025429
618096538
119708807
912774332
64717966
508561312
255678943
608194117
625407747
592186946
271878907
530563030
650847507
232375732
306940974
231546079
35149177
726046591
29372234
292789865
578279295
18900960
913566685
183144231
947090061
957638384
175310432
644459710
976155479
647233911
374122020
537637354
545461211
612448509
805967116
311665741
945674996
790035846
459112343
637002464
95995081
452467957
599345530
689008023
330774027
292730074
952892730
588586875
913724995
857735773
534429322
611438737
548004361
170438692
848752456
570323601
619678681
109381772
936292757
263494149
981572618
708427827
187122121
877704595
848963119
784953003
956812271
963526353
826585412
636170061
992523647
174691746
867339770
743834039
755870161
921690091
441005610
300089564
377543823
838368351
123645018
344671163
260327862
43158860
535291025
427479059
108090304
537309455
701456055
437255122
862764470
579375080
914746583
42164566
291406047
369405448
434168846
447227632
981046645
243701116
635827366
191476371
220987620
575267326
4654859
654665018
602127134
738964013
827038051
610192595
752504388
325375771
80804731
827351374
700469033
720530537
589727779
16590111
628281091
277902754
948173600
225380693
723802335
632980529
51754721
806305168
11919397
436899406
260099020
14416692
209652626
651086826
783754922
271061609
811441674
829723994
608310492
653822530
145034553
383128543
833445597
945558999
878458514
755113884
96579590
690979160
246753805
20156674
405811210
536829906
128628906
976646932
844625483
641314972
808792784
551356602
558747084
332830111
269251825
773157999
1420360
115379525
190877186
260323231
947109372
933021378
190960562
894138587
899651658
339819243
84245569
369778100
49680697
663002366
938784816
740098851
23338727
687084264
816742110
228627723
498598751
49649565
830252143
327227866
90812847
369700573
49244650
583951205
866565637
18303963
653897677
693567391
918315518
790472049
130424476
958394967
919697890
548249267
1893080
892713754
851097693
313791633
561026481
791375427
113638390
917600049
534125175
373510830
65263831
742094794
423423134
252433983
745098257
606185821
794311496
763613695
621773698
785255924
135818236
417146948
541853831
715516212
629036616
504793899
704165664
57633813
841754669
279526983
970670734
249926998
502485336
746178094
752549509
961129172
763458311
758561950
670052835
163865441
859957671
345764402
691910767
548503980
889182882
32414664
208026388
802397860
624253331
499840760
725826317
963340506
335921961
339949521
135478624
39935246
989164312
370703522
9988390
967207367
514195947
715242966
173272578
679903748
603081161
576043515
592630662
16411360
544219549
808751401
984284218
719843083
874368929
309678992
28526444
271994412
732215145
569014839
427117972
846555917
335508014
326881035
391460291
785628039
300609143
636197443
164748320
758203471
775743846
295992492
925054796
91272791
477630029
174760245
966636428
173461417
272783610
487812403
170450826
890174995
400809550
306579878
41729318
532310264
612010932
256554411
457850072
779768309
479566497
8327457
109619070
781760188
679101057
295345077
227316579
969491393
235499738
829261482
859489954
102124173
111650122
694066442
253446108
24675039
553401901
412880161
79416380
481943934
413209630
747386898
100456900
376933721
258021049
53712231
60543252
483870954
338172946
738491876
421902505
997554113
83700867
426004513
319611898
552802341
95024976
754732395
488750925
981985594
479225931
378281561
268962950
177398993
127824978
417408973
904705320
656307251
531433942
646972508
855345698
600011995
766049000
167956474
821194502
89980838
185675600
874854644
3263952
693003841
10178519
848988425
923844582
1175044
23887216
222901043
315603734
193902286
482945868
514795740
939987017
978106798
153332160
387324193
443326189
300697139
330842714
508662879
579354258
918700118
341622126
310143686
819332398
736354047
605586803
363354842
202969117
70911751
303400705
394440017
158130608
226391498
863856051
583515451
557704177
663667976
254731781
55716860
3689013
604688020
462104613
126045545
594157401
376687413
914238035
47420577
856469177
886406911
39182635
588305182
608460316
894057805
903516152
369780531
705055347
405127775
1384077
973191060
965811716
60813159
102610545
97296287
907486411
891518945
827901574
68455525
967826863
22650535
227547375
935195182
564829090
405397232
733944926
392519373
945206073
858386445
598663202
917143764
789213028
389258646
244846976
530519685
978592957
95621962
746585560
188838902
533656736
604381664
914325033
402831123
450885570
243728255
179712754
74264439
88959174
885008733
94685193
839997847
593763165
655035195
608822090
57690030
354864445
350343111
621571222
618610906
236807844
906915037
147568739
793067306
501046951
396124597
303418651
383060450
47707008
658075694
1030153
729882961
77270245
504818279
696775069
561086089
821837913
595619338
429112387
956228622
278217166
994071685
301138194
239347991
834952310
768556909
229090103
535484764
500185865
157904110
18783676
585350102
969566486
467254693
21152993
803179084
112177511
454271101
390178202
454979448
963281359
973365950
371738578
795564725
269650785
917405450
205434395
990243077
279563907
3983148
304161491
947248946
130890956
510199429
112836455
886235485
443434597
804124872
423181903
341610062
127591557
306948428
228154279
21583168
269611600
131193611
649460052
786773241
948632127
998453375
751728177
795724250
145154777
935883421
361714949
389469292
117315708
466258203
615062322
936883592
910266554
776617329
248487047
993181225
311613006
386301093
60680496
820623348
278645909
866230355
510261099
778728993
141732577
31101553
66537307
492176854
914461666
699533690
886734747
280153581
396789363
371549161
36288741
801083996
909548111
72481043
613042920
17881062
431306198
101227200
786956247
817701289
713103591
277703730
275654015
423034930
272708955
181343879
646941892
561117203
498057721
763378918
6351631
59866240
365954619
208613424
908996325
988855303
966212706
254541605
74402850
438563679
378676155
152565546
252162282
744389223
587531139
700027132
409226073
781840522
197186551
218990387
55632780
591597419
275409985
667886545
777188941
963864160
228627526
796442578
482262663
605794964
26034236
271134505
966305361
28317945
470859508
823766598
306936030
308702949
293594647
611461428
945865454
456974862
44039765
783591236
56880920
193637557
128502884
433897481
561993720
610975152
747121602
748263528
100674647
966498508
110069235
495823921
229606537
357616613
339669832
202447238
916860649
520190053
981715374
92440506
207088289
866355460
703236130
778641377
280195824
165119621
386184738
325864435
405973752
596993540
102029531
696496309
220124869
96920902
995452451
70629735
945172468
205306070
988759046
266684307
350884019
80419918
477854040
222293426
600684417
790541698
890756478
944282392
888953277
664611863
314505750
855652441
819807006
776835480
749560778
350461859
360762568
328498814
36332034
55908344
993771503
916605254
394648048
790231000
872510914
224138824
311002837
328014244
645218085
729827421
501615178
18375214
2924346
97290769
577755329
792464058
326132742
351690871
829841335
522041132
649548825
97559732
667506056
64538349
245530464
188821417
216685132
471433546
280562051
815882405
847038451
914725072
198524148
29220295
181636927
301510782
849765116
743182602
886740390
989486388
352032670
842870849
77188238
20374096
189306876
385384074
950427624
191761351
278373985
830561460
262632523
809768561
460606171
889745856
868274662
341493529
373983261
476539643
669251304
999181905
467633740
350812355
169075550
373990576
50590525
534495940
137838849
960487699
131729070
992951497
550315246
45951790
721579651
956809627
117394018
747333220
370929415
130136675
27347124
60184607
365923338
951334496
676792136
926025852
22033385
287949043
793281966
733759708
410961022
497509737
240038126
90881963
947331026
483686341
407082115
54759225
292091629
415074921
608711659
906150042
163477358
512687284
905912829
726435251
920379818
968587962
632645313
218480249
556933620
791052434
896384585
543529596
674542166
401568750
413480272
684515025
535412035
545734421
686986342
952626119
344347093
890721815
928937750
450744364
687047551
665859868
651288118
876388563
748802110
802897430
718846578
733007284
437690704
433020684
224016573
971829809
705420444
725962013
389737167
253906888
330533955
702210215
810425587
938839673
218104653
244352968
813697958
600298604
745525946
992320818
202947447
856639713
890852567
244574191
544196111
565465191
487973531
179091532
968169797
521615377
1055116
100919037
365494706
135380753
605000307
910433688
647437473
868446636
925647922
735405585
711240708
207392319
820724344
404052174
696576786
237875910
321067923
705039468
81691056
754826436
297672118
990326464
966810042
850051205
778905233
570999104
868680847
925929957
570095517
305833924
293067513
537228330
603601054
704610057
853297539
875789167
858854497
533569838
196304695
127047709
564117828
440296867
788792741
421098414
310150501
845765039
510073295
69396321
837682929
507386295
602614763
384846752
768350277
524116790
11822814
584649173
248961065
287505471
574220648
816054000
406246023
229639841
531907586
670864359
398864348
94227131
826677879
797605770
91445370
169738047
888842411
364884578
50537111
976963173
918424371
523184371
360225934
876790626
817648445
286810465
673167087
307611319
48165215
325896508
299834569
297700803
809797619
79030846
4159873
827596627
166372196
68905111
771267193
719813968
501751736
649625859
124367031
229350522
635577556
956190168
50771857
884449357
306779464
556956560
779039022
850866171
935511956
545362692
416927183
706568733
155268250
20964570
387305940
677060021
273731118
210624677
227524175
27214885
303324403
880232090
215394197
163172526
179608799
181474579
135977957
684140705
274471197
167481650
441564865
172105923
373083347
53444976
852084973
412476858
663826310
954723743
948985048
640935992
709232639
146334611
423495893
405062464
794691211
234965605
602978620
585478375
797244120
816718772
102584691
2199483
620901084
642137644
787423019
675082046
963347085
351094126
926272614
848169634
254156657
124301512
966162797
829622967
115234031
318928512
853247530
943500024
620816877
445618453
78538659
242967807
355244715
284739621
304793464
598347153
418419567
977558319
397387281
733221663
833073113
20199070
507203935
334785276
450032595
61016515
950955177
20500212
122494963
793428301
981664608
323579624
112145127
838989882
99627244
278605559
192849302
58479577
663775904
118350373
932382902
451861941
481425666
760833207
833386519
452988760
269185930
46010171
162654817
922380670
566839644
37001485
935509538
502209404
343896678
364936625
780034421
360806916
930792121
843709850
454599338
311787884
392019060
723779483
23775190
275505233
285333261
266448672
340376970
721398418
529304788
300414685
758624853
82717486
115229415
388446776
802465097
430532540
35661033
583408348
707659217
542119984
556419221
487612361
865420451
69431633
541615080
317974138
847748035
92787907
24991151
159382039
953190944
196566267
927872150
770323025
479151890
320580622
973354266
365834708
338436749
47252332
112020600
299780460
977987250
891689455
608522374
916309513
491898356
155512989
610297957
56362438
58411781
306066420
815369277
515481559
80984229
793243605
146930958
702669668
575766994
256895397
88896284
457609015
970958646
743707925
317581005
803322242
779743101
267157672
184806961
180425571
892759580
38216805
303829532
294601418
853015065
500188031
344061015
791034032
961103907
650160450
529818545
56293857
863618073
141235799
568928124
376275519
284896346
566338995
714889147
931965131
815118763
152949160
364341781
814606057
671714037
304031469
160979451
24976674
670994493
28684544
465085243
270411768
642803039
592924650
832017464
650078125
769212490
986093583
845505410
271534730
460348220
478155147
870168297
60184759
181043144
293018024
247561489
566930398
800646285
431905369
274411743
523681771
732997719
490563745
111458282
861073154
962275962
431437836
808440408
243597387
569197145
369536100
701473914
606065973
27701613
865794201
820318619
188672725
997217755
69946769
337793000
249102892
624040160
471263843
614060013
896562748
989306037
139389731
739983902
249844179
202859274
661385977
531545270
203682225
235192494
730631591
658932220
456630917
32620219
405615614
284192725
220143233
957539670
493600243
28268108
822975912
535724931
933203043
675099378
743471496
822090121
764009506
30229292
443219596
433749186
684697124
793971623
607711487
309375975
65014898
277855249
34217078
838248557
434717381
346194302
872432413
112373314
728985817
385501643
566044745
343948635
821975614
596562594
333730063
537415456
47657816
612099524
610663062
934175521
767363014
174616881
545452666
966926924
537712227
83501389
870810919
712035351
32258752
796009858
344599497
254196457
782998815
214738950
718252028
255236380
239315975
424338192
934500679
150644596
390258657
411043037
736356843
99794969
279418914
293658636
861132047
441416445
631818753
584894241
504672397
507852424
627059112
84953567
257273310
210249966
771021062
384731829
20868636
986958790
693191128
776096088
86689596
481050117
679412398
949845538
677822518
499831437
468578468
104915199
438204628
448313323
822749290
688043224
547944595
686721459
20729729
564645754
679354584
147861512
380670215
889702982
887118687
629506024
963011051
307118231
583639045
344748935
632626495
718681453
872553639
142330244
475272095
325221122
597858004
556403145
791579336
378183209
783037981
849825737
771375183
404705882
210370122
860008013
163009345
81311502
73355482
435263755
435966134
451326248
310258502
510225805
766601281
555109886
440521636
62274984
806272856
739205396
609482149
414472339
187182999
812597550
832300353
636842854
174158858
761087351
811733424
447257183
870155566
860967859
488627251
263962594
243881297
197050789
213939542
6848993
800411279
55055255
785178383
335042061
419370882
848334305
334453984
112166246
32705630
303137264
165921392
871741839
459385837
890990880
45212007
534130481
639934978
724581691
133856489
264036070
472111339
964165380
55163550
597701620
582551566
740587918
940283847
436682673
6163603
352957019
392689989
712656624
573036925
817883546
553381470
681778191
789322295
25775909
32955244
825631258
616828001
995541488
822204985
710975057
803080028
741652132
537384518
42183853
267327333
770429679
882107176
401163629
121329478
962477918
662737767
389935640
648848795
171169423
938551006
265028190
618131066
622731648
264329826
545572013
468288649
13764372
794591163
787574180
33001900
213335093
226775297
121307401
572058942
114806426
2632472
264052284
227125058
532786236
771543873
945907424
506098065
733197828
16764903
400789842
221439979
977488611
858454472
476701607
146595368
423101901
729829435
871239686
165640880
671294547
532429834
506027518
712361347
826132006
37422414
735614084
999612709
922100663
941311748
770083173
583913958
350538266
898955754
516188072
372567228
51528771
53902591
392898654
414856746
50459128
428102615
875771365
20819719
490915138
51963329
70255038
818906384
49511049
95701098
887848550
924278269
933016193
33606350
389636356
821994636
110402600
283268807
369908249
670336570
25084752
922740154
317405780
873646267
708812520
915184773
933508530
162046225
845530602
1425685
391693695
820729339
719135614
156796436
295123564
241049298
80420176
673210467
780019155
206359869
200945541
567540991
878764322
482066887
205928416
515846951
54333290
636010370
226947156
799293279
102597742
928216875
229308907
797804200
982308459
284892704
632055784
270487335
997869070
248936452
364919891
251468409
690733089
420569634
447774842
352264495
349379637
826831239
777345401
838331385
988407357
623492707
129484497
152065997
438245765
70546546
569099504
617495734
147648952
557885768
512112830
256866480
134060536
360924140
130251305
802384475
454141160
852308377
679203884
531367957
214663875
651559205
749854333
932002388
120266781
616568055
741284158
719296760
339691509
337847747
846793650
981659580
130947851
283634035
348475546
319691556
67391731
686360227
313469040
242865519
471375803
7544726
309675500
616754909
306171948
604031415
124804920
863243560
677712341
415278649
299237099
514293466
219143088
951953590
523994815
316653663
411957998
325427172
655560368
574664804
792882928
891294450
140926503
873146815
938099383
443221432
401040092
171871850
224214925
748242573
762962331
900243959
952256852
490070584
684789076
478832873
815308916
403650729
949870146
441076151
514723043
506344871
861708003
115927120
224655291
750008403
980506182
473772897
962391092
925958553
623315156
137098052
99968708
801006715
41788776
136349990
581704797
972539076
39715962
115070680
111160685
425543152
27028205
720788485
194368024
60424499
425497824
978232970
432434450
853606151
808125399
673477676
22742345
564185077
698755339
241069818
838795149
636742799
231530088
267393354
85388653
982131819
774518496
738459664
857310856
983283018
185455093
932425240
666589186
52074756
303265920
649429411
835480705
619983794
711935306
579117803
418489889
145136476
697211256
582324483
664518351
840585285
923131794
795365955
176675815
819968990
351367964
489549630
331902193
813271426
943596836
388259383
110260684
619002422
558910311
351256949
74660734
163356756
400346326
758080516
883748862
501354990
651786550
375749541
540984334
273687657
973832687
665120254
326626872
846927227
419367074
444866053
390398724
84140101
934520731
962939077
66392468
779734000
986184026
413977495
20790997
601204079
823013557
426175917
480747447
137459611
400620394
140121104
476433603
35992270
914723236
211157347
407323341
24239598
47957687
110410999
925760942
362400994
518906730
890215573
431297598
141666260
607514682
145011646
568371324
744246198
184285819
932737203
221695162
441224657
187771731
248778149
58825464
848809531
472210986
334887913
213018888
352686185
57675782
52592034
27906966
41641650
36709851
360434991
527598225
77525625
446589164
372479238
875862043
523860120
780280013
405585326
546757473
131597200
336963116
239129641
547573128
702529480
272056753
183965440
555204874
333742261
689296871
662682576
27358526
890474084
657502824
955736311
910899480
793986944
602290474
293220164
96906992
369293983
541374296
944482593
935566495
752036655
631213307
314559119
255371079
991124442
185442335
931639921
957376797
202938838
759427056
762722825
682280923
566900387
368493003
34857884
987395421
609346085
929958564
148258556
847101963
410205469
585030704
180387212
473055388
529111561
420050817
185146365
427394005
443833855
823214364
807702549
96166118
822565742
508094083
392030894
156543542
408564562
255177874
538925553
638742016
117402016
234878436
744156530
574973500
889681839
965661696
421921478
882681173
883106855
226495849
767263718
739983372
160063832
737312449
103152091
903054645
881885720
769193989
238552595
715044827
997987880
604485809
158974228
347183200
162464943
767172439
140666700
846634987
17968527
544202051
837911154
175646087
638304725
996866742
876079614
962505287
574432705
583937980
794313462
245003198
50294305
431684225
498557074
536723300
641377557
678345002
8031817
924064771
602961096
208179851
972081247
871636658
569247511
893065113
123219129
668392753
47292768
909317260
420276588
607387745
197171991
129545958
144110480
881787903
967221944
972003181
150306561
85771976
601567348
941695156
821027384
85937280
719006033
305859619
751068736
538349420
949391663
130614622
559608247
108443079
682124589
715763571
556334119
680635922
198932230
936370028
326182185
47755723
316417525
984718436
58213720
835987935
62358543
707402820
300426171
418629999
414626440
215642183
684079189
239434646
246999201
918618580
398995015
96832091
916496072
715178053
766899239
954980221
242189618
827298462
278227602
727345936
957973408
50228220
951220642
413985248
621579699
388091636
216727912
684327398
66275896
620710331
748496537
185438216
190684793
204663814
799374
974335363
813039281
331194037
786173617
39811569
532931010
197471431
433315810
885962246
776109296
231237303
29126784
177456391
842227277
57114117
560714222
964568593
875921078
371274666
318458573
892189430
278980066
42586180
155007647
377971770
381801654
32353619
256882878
584429126
379361571
972346465
556280123
523761059
543126396
364278337
541156483
523664141
757954042
120965930
188292586
978201009
113891395
856876209
20442123
360370898
833778166
378196226
615281266
396174318
704463613
254692155
969571521
431585740
362567371
260661821
763050645
154805506
370479010
279960093
99420375
730640873
68781566
82962776
758348335
484055464
25000103
288095202
939569985
572906734
582489658
605998984
496271419
477037015
486129055
321238022
218663476
308787731
120580906
81072316
707095902
179665319
754265223
849325721
598936544
137807535
339113099
236026939
660835770
654441576
48119630
827361754
722953838
506731007
139112809
65977066
702812352
31385029
544121241
538533225
734118382
999617850
61860000
760674009
889108793
874693951
352634034
986014644
907494937
879809818
21141329
77185260
413448337
628582628
140262166
765497012
61334879
278148992
536698735
641603383
891784501
621747463
763744745
731314778
228453791
997199975
795238261
454288002
646903749
10027806
185648339
439441762
493349689
558768674
265682376
435510698
359339357
508265937
556158761
117137482
814138482
174102686
832891241
450825640
810004598
941653050
993724147
597206937
877343760
497376360
494588241
684123799
827021194
452427382
832276101
673883757
297242474
531685081
870015221
374239795
312436343
358777685
261136808
237483167
360638345
316717920
246104409
467936851
201252580
377143828
51672032
191267392
933383674
828274685
25373154
190035774
602894089
828572260
424768869
613987597
967621188
904294082
197667492
911242046
801356452
7549694
833553378
966135525
64156220
482206702
349501459
19434758
828333756
271053706
762852377
543813205
719942223
813590261
801915949
626835495
462410838
387271565
182728215
892879485
255824329
357048680
549328464
577439509
807969984
239087344
13628258
466510345
372689052
437843217
303116585
927026036
514806291
340033994
388191649
204787027
711317625
825810025
605631907
239310496
752817133
190800879
311748356
425477560
761803382
92567311
