799374
931859
1030153
1055116
1083089
1165149
1175044
1214366
1219980
1309523
1343515
1384077
1394911
1420360
1420710
1425685
1554285
1747017
1893080
1975289
2077195
2159707
2199483
2333249
2436040
2473135
2517843
2632472
2640872
2785964
2862299
2868045
2924346
3003486
3012089
3091685
3186287
3263952
3526577
3626581
3689013
3907883
3964539
3978175
3979984
3983148
4129406
4159873
4445435
4556602
4654859
4836738
4857850
4928499
5088730
5396800
5415976
5486056
5555522
5569713
5626628
5661114
5877900
6163603
6181869
6196954
6236852
6351631
6541523
6609418
6641537
6670412
6704115
6816481
6848993
6931103
7091703
7175151
7386650
7530906
7544726
7549694
7673611
7903607
7926129
7968341
8007663
8017385
8031817
8039043
8075564
8177020
8327457
8352837
8621707
8815967
8936551
9083244
9086238
9135970
9147084
9179512
9307907
9617019
9637357
9771023
9808754
9905906
9988390
10027806
10178519
10197081
10306090
10444222
10487699
10578525
10579044
10679828
10724355
10768382
10878866
11076693
11605301
11726568
11822814
11919397
12017765
12157055
12536713
12564110
12797945
12872518
12893388
13033945
13059842
13164448
13187426
13201607
13217628
13356919
13422150
13532026
13593760
13628258
13747013
13751370
13764372
13984808
14077584
14416692
14447242
14771035
14805895
14989385
15056305
15134948
15155133
15228785
15499751
15587827
15772346
15860032
16014810
16025429
16095605
16131965
16176740
16411360
16467626
16496517
16567021
16590111
16606809
16686537
16723424
16764903
16768030
16769520
16793493
16895503
17083318
17197711
17316663
17484686
17574100
17660649
17715206
17881062
17930608
17968527
18060854
18303963
18352017
18375214
18410162
18718878
18722456
18783676
18900960
18996848
19227770
19242566
19434758
19490176
19616581
20134451
20156674
20199070
20252557
20264681
20374096
20442123
20500212
20729729
20790997
20819719
20868636
20964570
21047193
21141329
21152993
21256797
21583168
21887912
22033385
22073605
22126299
22206981
22533463
22611000
22621919
22650535
22692272
22742345
22810969
22958499
22989412
23022848
23155256
23294059
23305256
23338727
23351612
23474566
23533796
23556077
23611176
23647783
23653695
23748088
23775190
23809705
23887216
24239598
24275347
24367399
24388004
24510393
24557703
24675039
24786250
24976674
24982400
24991151
25000103
25014874
25023768
25047745
25084752
25311034
25335443
25355797
25373154
25671245
25775018
25775909
25849224
25886388
25897034
25984204
26034236
26168590
26330478
26426284
26672763
26971887
26985991
26989148
27028205
27214885
27219216
27347124
27358526
27407878
27408406
27536896
27568160
27630828
27701613
27906966
28019289
28268108
28293454
28317945
28395603
28526444
28684544
28758845
28823499
28923475
29050700
29075164
29126784
29220295
29230108
29343308
29361898
29372234
29514305
29600669
29723864
29899690
29968573
29972211
30075176
30212089
30229292
30258388
30283778
30334980
30452914
30478900
30530435
30687915
30819579
31064757
31101553
31105251
31126459
31334251
31362721
31385029
31474269
31705697
31781366
31893281
32258752
32322592
32353619
32414664
32515348
32565285
32591899
32620219
32705630
32860841
32867968
32930494
32955244
33001900
33033399
33113202
33249443
33422135
33463637
33606350
33785351
33821158
33989935
34217078
34252644
34364034
34700335
34729879
34801659
34837573
34857884
35046940
35135537
35146641
35149177
35342443
35473271
35515557
35607227
35661033
35992270
36150290
36288741
36305522
36332034
36511640
36709851
36802615
36809304
36993881
37001485
37017960
37099325
37127233
37134691
37194355
37219150
37413060
37422414
37463504
37477541
37675564
37711545
37734633
37861622
37944035
38216805
38334900
38411234
38438766
38727162
38813634
38839262
39052107
39182635
39254644
39276439
39378484
39409473
39518417
39715962
39723210
39811569
39861423
39935246
40205918
40670773
40685026
40717437
40726969
40843527
40908929
40993503
41223505
41232989
41509722
41641650
41729318
41788776
41798531
41960956
42164566
42183853
42248300
42261433
42435774
42484539
42586180
42635533
42651748
42827004
42894708
42933518
43069488
43158860
43521907
43559751
43846959
43935460
44032115
44039765
44291587
44320292
44370330
44589126
44605845
44616095
44824311
45212007
45250203
45274510
45288048
45297252
45618075
45621966
45766270
45951790
46010171
46594729
46727437
46894825
47252332
47292768
47318395
47420577
47501481
47639502
47657816
47666829
47707008
47720590
47755723
47786617
47948329
47957687
47999783
48119630
48165215
48392804
48456307
48563274
48674305
48954632
49244650
49511049
49518169
49570784
49586588
49649565
49680697
49863688
50228220
50294305
50387669
50459128
50524133
50537111
50542532
50590525
50666993
50771857
50775737
50915767
50932411
51259939
51300781
51316323
51441994
51528771
51672032
51672135
51743970
51754721
51788850
51870568
51963329
52074756
52143012
52155038
52205419
52232038
52355631
52592034
52689865
52760906
53103253
53218172
53274114
53444976
53580269
53712231
53789580
53862446
53902591
54087625
54149026
54333290
54514113
54759225
54782603
54804355
54842594
54962307
55036065
55055255
55156709
55163550
55351078
55367835
55392055
55465811
55632780
55716860
55904159
55908344
55944177
55964307
55976119
56078690
56084893
56156826
56191060
56293857
56326794
56362438
56419802
56479819
56766002
56880920
57114117
57123339
57427962
57530197
57633813
57662154
57675782
57690030
57905533
58032327
58132498
58213720
58259784
58316230
58324126
58329020
58411781
58468839
58479577
58480114
58483706
58498953
58529858
58556912
58737385
58825464
59184415
59269908
59552291
59575199
59644841
59746187
59862704
59866240
59875241
60019934
60184607
60184759
60235381
60284474
60302680
60347894
60401822
60424499
60454085
60528352
60543252
60625153
60680496
60813159
60844712
60897541
61016515
61264507
61334879
61548951
61573269
61662387
61663969
61832998
61860000
61968594
62239984
62274984
62358543
62466040
62845743
63143811
63193151
63279355
63378796
63465493
63602142
63653415
63717010
63759932
63915930
63964390
64156220
64190516
64201647
64346962
64352764
64429825
64538349
64710305
64717966
64744459
64951893
65014898
65263831
65448587
65537543
65977066
66275896
66363207
66392468
66471163
66537307
66593380
66593772
66619019
67078645
67079816
67134988
67238144
67267302
67391731
67460217
67534549
67913465
67934090
67952534
68047669
68088191
68101112
68123141
68138350
68146707
68152760
68199818
68304922
68401087
68452935
68455525
68584973
68688294
68762623
68774585
68781566
68905111
68935649
69019616
69286637
69396321
69431633
69495169
69607622
69708134
69765763
69845869
69946769
69953265
70030805
70041182
70156641
70255038
70546546
70604613
70629735
70671694
70721906
70911751
70963655
71053063
71303740
71344196
71398193
71425956
71855830
71903401
71922570
72013018
72407949
72481043
72747071
72796900
72904377
72919179
72977413
73008794
73082659
73355482
73635715
73977059
74078933
74264439
74402850
74660734
74832663
75183573
75338497
75390493
75694041
75970144
76061981
76075160
76136894
76168752
76226436
76287166
76341998
76434645
76500473
76800597
77006654
77074949
77096114
77152282
77185260
77188238
77193469
77262242
77270245
77525625
77810376
77842105
78070759
78109366
78538659
79030846
79054319
79416380
79441575
79504831
79784829
79815680
79959315
79986343
80233022
80302984
80419918
80420176
80699953
80804731
80984229
80989092
81072316
81199137
81311502
81380312
81578816
81691056
81811259
81827819
81850769
81874144
81876723
81954590
81959728
82180692
82301928
82350517
82388048
82463630
82502635
82664642
82717486
82754948
82791797
82845271
82962776
83134246
83297000
83315279
83501389
83510499
83586473
83649750
83700867
83738168
83897898
84140101
84245569
84281003
84747809
84942168
84953567
85036447
85112486
85317697
85388653
85466899
85480242
85551749
85641668
85676783
85726921
85760717
85769645
85771976
85778750
85795463
85850182
85860623
85937280
86037569
86046580
86208846
86267400
86375722
86382590
86562469
86689596
86762611
87238528
87321847
87355287
87866879
87884683
88033298
88062918
88196189
88559152
88582193
88768360
88868373
88890272
88896284
88959174
89169561
89275911
89323693
89331836
89496511
89507201
89576783
89607225
89632307
89698220
89964645
89975749
89980838
90219074
90341093
90373523
90400157
90554930
90812847
90832884
90881963
90912845
90954950
91169459
91172710
91187374
91212165
91272791
91381595
91417384
91425567
91445370
91544131
91646400
91827672
91928840
92028513
92054749
92232259
92324432
92419138
92440506
92567311
92647749
92690435
92787907
92803061
92806834
93155617
93173087
93270068
93444754
93459563
93728802
93740511
93788651
93853746
93998333
94091951
94182558
94227131
94408399
94478896
94512334
94512373
94553607
94685193
94807636
94856394
95005100
95024976
95084817
95247217
95401857
95421001
95621962
95701098
95709689
95918360
95995081
96009895
96166118
96197098
96392283
96418052
96495319
96579590
96617911
96832091
96906992
96920902
96985948
97153863
97169870
97290769
97296287
97336768
97398497
97553058
97559732
97591472
97682931
97725344
97786432
97797186
97930030
98092108
98181916
98285387
98389456
98421311
98451738
98461891
98626978
98694342
98731399
99288151
99383112
99420375
99503179
99507785
99541376
99553480
99601975
99627244
99794969
99813323
99927336
99968708
100198180
100439700
100456900
100491902
100511424
100561994
100594703
100674647
100919037
101227200
101589837
101872209
102029531
102057748
102124173
102150551
102294607
102364342
102437432
102453883
102584691
102597742
102610545
102864165
103008257
103059387
103098443
103152091
103279960
103432091
103596488
103785029
104003852
104018596
104047247
104064734
104255913
104294222
104433205
104458349
104664723
104784656
104789918
104790416
104913972
104915199
104934613
105035686
105089355
105204719
105304163
105467976
105637163
105645388
105769310
106109315
106186996
106208992
106310131
106347579
106566139
106607900
106620288
106916773
106969836
108090304
108127134
108239022
108405447
108443079
108534137
108554632
108586159
108694547
108905355
109115894
109137825
109381772
109619070
109735479
110069235
110132752
110259963
110260684
110402600
110410999
110468501
110644985
110882750
111076314
111099866
111160685
111167273
111264831
111338765
111458282
111515246
111630674
111650122
111827268
111886189
112020600
112145127
112166246
112177511
112225498
112373314
112373358
112566085
112696415
112714963
112836455
112899989
113158595
113256888
113638390
113705811
113866871
113891395
114181985
114368576
114806426
114822474
114888417
114897278
114971373
115067908
115070680
115130424
115167225
115229415
115234031
115332738
115371378
115379525
115438752
115486817
115576440
115897401
115927120
115945048
115982587
116162858
116234054
116483806
116609338
116813857
117121259
117137482
117143470
117149940
117315708
117320194
117340010
117358084
117394018
117402016
117636276
117643348
117649235
117675021
117835751
117930210
118105587
118143742
118176627
118350373
118553326
118603242
118750757
118769033
118814806
119038915
119104033
119199544
119270516
119307654
119324627
119548694
119621959
119708807
119730923
119923034
120049274
120143229
120231728
120266781
120312134
120556812
120580906
120802886
120890377
120965930
121018845
121072350
121235771
121307401
121329478
121389453
121390861
121436076
121568083
121643496
121678327
121791270
121893112
121969527
122167801
122222701
122309455
122494963
122835327
122870722
122984697
123107252
123219129
123219734
123555132
123600007
123645018
123828996
124055254
124298316
124301512
124367031
124370675
124620077
124647831
124648186
124755596
124804920
125011514
125207962
125337531
125459407
125558594
125605585
125848428
126045545
126420539
126580145
126615329
127047709
127100300
127326442
127374339
127462441
127501928
127591557
127607375
127814263
127824978
127957353
128101092
128163704
128176470
128244511
128244681
128502884
128628906
128702003
128751576
128921996
128960109
129012301
129060171
129104602
129330261
129359972
129410168
129437277
129484497
129545958
129577723
129641769
129699223
130077710
130136675
130251305
130405252
130408142
130424476
130427797
130564227
130614622
130620971
130732462
130780768
130825274
130890956
130947851
131008526
131052884
131061364
131099217
131193611
131225216
131238300
131307348
131414431
131597200
131717285
131729070
131961042
131962612
132100928
132132485
132709293
133065923
133074627
133078558
133167867
133372013
133446799
133607768
133856489
134060536
134432231
134577733
134611446
134748291
134891340
135023907
135074826
135100735
135158568
135172478
135185474
135380753
135478624
135505198
135612955
135643777
135692076
135705274
135783757
135818236
135863413
135876465
135938906
135977957
136230638
136294788
136349990
136389631
136721215
136848268
136980683
137055945
137098052
137121556
137172196
137179387
137351849
137397036
137459611
137488952
137514475
137639243
137690938
137718849
137807535
137838849
137969942
137986370
138295674
138338969
138978699
139036842
139112809
139389731
139448456
139605393
139647250
139663856
139699717
139835239
140121104
140262166
140338956
140388424
140508223
140545919
140635261
140666700
140926503
141235799
141264372
141292379
141463707
141492864
141666260
141717545
141732577
141742281
141743588
142025010
142296278
142330244
142429642
142430805
142463263
142637249
142781020
142923328
142965842
143038070
143044866
143192277
143276775
143687772
143700772
143801458
143827907
143832966
144057399
144066394
144110480
144115414
144155737
144280203
144378519
144455980
144821658
144932626
145011646
145034553
145047840
145121953
145136476
145154777
145203701
145230323
145248299
145334743
145339112
145422822
145451281
145601974
145624582
145637808
145676842
145759049
146051228
146053355
146121766
146128031
146287859
146334611
146459366
146460690
146595368
146920311
146930958
147511125
147514221
147568739
147648952
147861512
148258556
148307261
148448606
148578285
148774293
148944495
149022089
149277783
149499853
149628002
149780243
149794570
149923093
150029815
150087919
150306561
150346682
150581204
150644596
150733134
150742140
150847527
150886672
150908861
150956457
151020683
151092133
151367634
151425660
151477315
151510551
151719086
151820272
151837583
151974550
152065997
152403168
152565546
152576874
152578739
152759909
152949160
153067770
153332160
153417001
153548773
153586422
153806749
153972706
154037501
154278000
154499383
154643573
154660143
154688266
154740516
154805506
154870146
154941638
155007647
155151302
155268250
155290240
155365457
155441669
155479866
155512989
155527065
155873246
155999924
156156925
156543542
156576362
156672097
156734470
156796436
156810572
156835548
156990214
157042955
157137309
157205171
157231346
157245189
157250016
157405564
157515160
157904110
158130608
158163034
158364281
158872106
158941438
158952279
158974228
159080097
159174018
159288134
159382039
159666046
159732969
159757177
159921055
160038219
160063832
160183418
160210657
160249837
160283212
160979451
161124429
161264404
161564243
161704003
161786797
162046225
162085720
162464943
162654817
162718547
162749666
162859697
162877417
163001879
163009345
163172526
163247501
163356756
163419820
163477358
163502403
163505958
163534398
163553963
163564577
163580975
163595322
163602699
163654450
163805697
163865441
164276905
164549921
164579898
164584023
164620003
164748320
165016568
165119621
165176706
165475046
165517854
165584648
165594886
165640880
165643059
165836488
165921392
165930860
166323188
166372196
166378299
166449324
166468018
166673846
166682209
166697660
166719869
166932080
167010070
167110894
167171345
167239506
167448467
167481650
167575965
167745155
167757491
167955452
167956474
167970520
167972593
168029170
168036579
168084128
168185667
168277340
168447300
168544398
168640635
168934096
169074072
169075550
169202475
169441411
169712787
169738047
169840073
169866969
170020998
170163969
170248032
170310062
170438692
170450826
170650306
170695939
170935620
170983429
171057805
171169423
171349393
171356428
171417836
171564003
171577981
171587391
171711997
171815436
171871850
171930067
172046729
172094794
172105923
172336548
172380720
172437834
172577457
172689378
172713630
172896844
172988108
173272578
173341118
173345226
173387071
173461417
173472867
173754594
173891696
174102686
174158858
174298831
174344162
174367588
174372688
174616881
174691746
174756961
174760245
175188807
175310432
175317120
175491889
175633094
175646087
175815161
175905649
176259319
176291407
176412976
176618868
176675815
176778437
176868675
177092566
177108846
177181093
177221764
177311269
177398993
177434283
177456391
177614064
177633405
177914553
177992441
178367520
178571495
178611516
178672138
178795936
178842893
178900365
178913532
179091532
179177899
179216946
179259845
179311531
179608799
179655415
179665319
179712754
179721458
179782489
179862021
180067273
180137442
180205170
180264501
180291332
180387212
180425571
180809826
180844936
180852055
181043144
181116192
181236421
181281146
181315404
181343879
181410296
181474579
181564805
181614961
181619417
181636927
181716115
181920675
181986004
181992312
182387584
182560813
182601002
182662827
182679730
182688683
182715178
182728215
182855137
182893834
182905552
183144231
183284385
183664603
183766103
183930599
183965440
184042140
184166179
184283263
184285819
184352775
184462147
184651680
184672226
184673593
184806961
185146365
185438216
185442335
185445249
185455093
185545662
185648339
185655429
185675600
185734903
185803967
185885151
186060057
186374882
186377473
186390149
186487247
186546107
186713389
187122121
187182999
187286692
187525074
187771731
188036451
188079826
188153682
188178198
188192023
188292586
188372218
188455106
188490727
188533237
188577940
188672725
188750346
188821417
188838902
189126514
189306876
189331505
189402928
190035774
190249565
190557088
190585696
190676274
190684793
190800879
190877186
190960562
190987180
191267392
191476371
191519623
191539540
191621844
191754164
191757322
191761351
191829531
191889960
191930457
192162285
192380627
192407786
192446210
192529742
192579898
192700572
192706393
192849302
192889913
193197469
193244802
193253067
193502012
193637557
193845087
193851254
193902286
193968540
194166997
194228908
194368024
194478474
194493689
194494242
194873858
194995195
195069339
195095940
195111374
195165515
195172127
195178773
195395815
195497722
195522334
195578969
195579485
195784053
195873360
195895167
195977246
196064780
196221224
196230900
196242893
196304695
196332929
196566267
196569047
196759610
196794680
196947502
197001443
197026947
197050789
197133157
197171991
197186551
197198194
197356953
197468831
197471431
197528578
197656355
197667492
197673897
197801353
198121999
198189732
198506294
198524148
198748300
198932230
199092242
199125362
199356047
199387154
199478371
199681251
199720622
199760781
199845401
199876268
199926341
200443352
200591347
200912988
200945541
201084948
201226166
201252580
201285963
201315661
201419003
201421302
201586125
201704536
201968762
202028215
202278718
202368849
202447238
202477950
202487367
202545914
202562711
202574276
202585701
202619885
202621561
202721077
202859274
202938838
202947447
202969117
203025832
203064481
203114431
203336382
203621137
203659337
203682225
203700865
203923977
203945693
204219190
204282509
204313280
204413486
204658806
204659747
204663814
204787027
204832499
205019858
205185801
205306070
205330297
205348149
205365072
205434395
205581950
205928416
206156618
206183298
206193995
206359869
206418156
206519970
206591276
206667283
206696017
206847590
207088289
207225142
207333394
207340278
207392319
207667119
207809206
207890784
207903338
208026388
208077801
208179851
208305650
208507194
208613424
208743830
208892530
209081901
209175196
209204774
209502214
209520380
209652626
209654851
209657784
209670285
209818569
209932510
209938859
210025808
210231116
210245374
210249966
210370122
210389593
210402566
210420956
210473867
210507565
210563142
210624677
210915600
210990167
211014799
211157347
211203217
211289763
211391877
211406927
211493157
211581996
211646040
211656861
211711554
211764262
211787806
211801791
212291277
212630434
212678895
212749703
212847510
212850976
212857385
212868516
212906089
213018888
213284572
213335093
213546670
213670018
213739012
213853314
213882698
213939542
214190731
214248723
214282583
214568964
214663875
214726632
214738950
214786060
214806405
215295384
215368182
215394197
215418631
215528196
215642183
215736763
215739542
215849113
215980992
215998858
216079305
216335558
216516453
216582325
216629293
216685132
216727912
216822405
216833652
216835509
216837082
217459543
217562226
217583924
217727431
218058139
218104653
218129133
218480249
218493197
218529261
218545712
218635012
218663476
218715042
218922085
218923920
218990387
219081851
219143088
219212388
219283712
219358283
219360218
219641242
220040153
220124869
220143233
220224538
220332263
220463255
220518909
220601427
220633673
220638627
220686188
220815166
220987620
221250808
221380141
221399616
221439979
221607116
221662896
221695162
221766440
221877501
222114202
222207956
222293426
222611026
222870265
222901043
223157114
223166855
223203983
223547651
223572753
223671942
223831413
223886750
224016573
224138824
224145788
224214925
224395444
224527583
224632069
224655291
224748756
225023771
225037812
225091736
225111418
225128046
225380693
225934887
225949330
226352598
226391498
226413243
226495849
226576024
226603144
226606750
226775297
226803347
226824277
226947156
226963192
226988404
227043732
227055460
227125058
227126738
227169785
227316579
227380069
227454998
227511970
227524175
227547375
227792426
227897320
228056491
228154279
228453791
228536708
228627526
228627723
228679430
228780562
228996601
229090103
229260785
229268321
229285809
229308907
229350522
229606537
229639841
229646919
229715289
229810452
230014722
230015949
230145267
230254242
230408411
230475629
230478652
230786365
230830982
230861143
231056384
231097415
231237303
231302362
231530088
231546079
231691375
231868370
231897437
231921418
232214471
232340994
232375732
232587870
232802980
232804829
233129040
233288128
233386732
233545960
233661396
233745544
233939078
234032176
234362722
234454369
234495011
234577693
234616933
234868394
234878436
234883296
234899146
234965605
235043558
235120766
235192494
235456811
235475667
235499738
235509380
235722301
235832587
235844853
236010648
236026939
236075004
236152843
236255734
236292515
236462770
236669456
236807844
237081358
237131478
237172959
237238664
237292860
237483167
237680761
237827138
237875910
238144998
238167225
238291065
238317639
238401625
238405997
238442865
238480226
238552595
238724598
238864375
238900002
239018920
239087344
239104070
239112915
239129641
239247484
239310496
239315975
239347991
239434646
239855355
239865308
240038126
240053653
240708754
240755867
241049298
241069818
241084523
241128007
241317687
241361648
241519725
241605925
241692298
241735242
242116061
242171987
242189618
242310421
242335415
242438567
242670187
242688162
242695721
242727937
242865519
242893852
242929332
242967807
243100761
243295379
243374008
243474687
243597387
243701116
243728255
243848379
243881297
243906084
244105341
244227852
244352968
244406793
244574191
244749744
244846976
244887895
244904970
245003198
245047052
245048685
245104447
245530464
246104409
246274395
246298560
246471193
246504304
246707803
246753805
246793441
246899582
246999201
247226246
247391667
247533485
247561489
248136136
248158904
248163483
248207365
248243937
248249191
248270001
248465739
248487047
248502079
248778149
248936452
248961065
249070192
249079347
249099286
249102892
249573869
249799526
249844179
249926998
249959020
250067789
250413758
250442380
250533588
250576660
250653484
250739489
250862996
251106058
251160011
251308508
251311415
251318385
251321562
251347136
251429565
251468409
251576949
251606402
251756117
251862380
251946318
252080966
252153413
252162282
252407301
252433983
252461157
252482988
252587478
252649341
252664402
252758177
252864765
252895448
252927234
252976490
252990156
253064267
253284304
253334927
253367304
253367457
253393198
253446108
253644091
253701865
253797457
253856594
253906888
253948521
253949389
254038599
254064492
254156657
254196457
254364291
254400933
254541605
254641045
254692155
254731781
254772588
254786517
254833635
254945539
255074681
255177874
255236380
255306166
255371079
255449190
255466481
255588522
255609889
255678943
255824329
255863805
255866142
256045006
256072800
256416224
256554411
256669672
256670018
256866480
256882878
256895397
256963886
256972832
257238679
257273310
257286673
257373915
257484414
257565820
257570657
257664663
257816263
257881947
257915946
258021049
258262987
258385777
258585019
258591290
259042653
259071230
259079276
259098558
259305869
259536382
259881704
259904158
259955890
259973300
260009288
260099020
260323231
260327862
260334363
260360936
260384876
260598612
260633044
260661821
260890252
260992114
260994736
261136808
261155077
261204571
261329107
261332989
261382369
261440774
261778126
261812086
261826275
261882831
261944136
262164731
262234073
262385536
262386983
262390008
262469848
262508223
262543321
262556787
262600448
262604873
262632523
262633485
262663816
263008938
263089068
263107965
263219376
263220370
263228543
263418221
263494149
263549363
263823850
263962594
264013666
264036070
264052284
264056122
264080548
264170344
264204775
264217323
264329826
264379571
264395570
264535479
264613964
264723639
264772389
265028190
265367146
265378450
265429604
265682376
265709667
265737827
265849610
265969364
265979947
266141504
266233514
266290888
266407928
266448672
266491648
266586799
266684307
266815761
266816644
266930912
266936876
267121298
267157672
267281595
267327333
267393354
267410839
267759662
267812650
267822885
268381295
268523050
268864188
268950348
268962950
269185930
269251825
269313584
269477232
269611600
269628153
269650785
269706849
270083060
270156276
270248011
270291574
270411768
270485312
270487335
270553233
270864092
270866435
270872141
271053706
271061043
271061609
271134505
271294612
271350858
271436280
271511805
271534730
271596337
271624915
271878907
271994412
272030497
272056753
272091005
272102183
272279053
272370701
272578141
272678692
272708955
272766486
272783610
272964367
273089012
273145281
273180421
273208249
273391156
273511371
273522242
273599080
273687657
273731118
273738679
273853767
273915575
274241640
274411743
274447538
274471197
274598000
274639493
274673804
274744782
274938406
275096598
275207325
275219568
275276220
275349201
275407842
275409985
275505233
275588763
275654015
275779698
275808113
276111515
276378741
276476389
276619136
276864130
277025111
277072831
277080897
277116638
277343282
277372765
277432811
277454077
277463551
277539029
277556641
277673723
277703730
277763606
277855249
277902754
277990377
278021370
278057772
278112306
278125718
278148992
278217166
278227602
278294749
278327649
278373985
278401572
278505683
278578229
278605559
278645909
278980066
279008869
279038364
279108821
279118668
279141380
279166092
279388161
279418914
279426799
279457717
279526983
279548097
279563907
279960093
280002549
280153581
280195824
280216782
280562051
280689420
280778566
280846961
281045078
281176603
281286813
281371372
281440949
281621888
281636823
281875000
281892876
282041094
282262081
282336192
282469542
282566981
282601331
282635310
282725978
282801716
282991407
283060896
283069579
283093861
283268807
283350076
283382445
283418713
283423222
283454473
283634035
283769054
283825395
284031936
284044582
284048789
284192725
284209236
284331173
284379977
284519237
284534399
284569327
284739621
284754185
284792145
284796422
284892704
284896346
285013161
285333261
285407991
285469709
285655134
285790725
285923339
285980945
286015854
286215037
286257924
286319333
286330344
286389396
286598102
286800477
286810465
287235279
287401274
287505471
287636604
287732238
287874402
287949043
287977251
288034213
288095202
288169496
288237461
288743691
288970034
288990673
289201339
289348872
289477541
289620562
289703815
289708603
289830669
290023864
290076719
290084058
290337009
290373155
290557521
290618734
290630223
290662106
290665225
290723506
290800085
290826012
290927456
291096394
291105122
291247681
291265031
291406047
291429138
291448181
291507915
291536683
291649154
291711573
291734122
291874344
292091629
292422185
292426124
292661889
292730074
292789865
293018024
293067513
293220164
293246889
293361590
293441797
293528493
293594647
293658636
293749538
293767754
293800890
293906079
293910363
294038040
294140272
294206111
294548681
294561685
294601418
294932667
295018999
295123564
295274553
295345077
295820787
295992492
296137404
296765926
297034019
297103328
297181363
297198722
297218243
297242474
297626338
297659930
297672118
297700803
298143108
298379713
298430066
298431167
298642386
298987065
299036205
299051651
299237099
299780460
299802332
299820336
299834569
299878200
299990423
300089564
300141803
300195815
300281891
300282142
300407593
300414685
300426171
300461051
300585117
300609143
300697139
300799256
300930342
300963487
300964234
301007705
301138194
301288720
301510782
301576367
301798677
302232772
302426653
302702187
302780490
302929810
302930582
303116585
303137264
303174792
303256915
303265920
303324403
303400705
303418651
303478225
303501501
303649832
303722075
303811602
303829532
303952846
304031469
304161491
304282854
304533173
304562204
304789068
304793464
304888018
305015346
305117675
305241795
305778554
305833924
305859619
305931851
305988441
306066420
306171948
306192223
306232321
306495680
306579878
306779464
306869105
306936030
306940974
306948428
307118231
307155675
307173244
307305094
307611319
307832072
307903391
307967351
308242050
308530105
308618966
308698928
308702949
308787731
308886561
309010808
309145744
309231228
309245351
309259214
309345936
309366350
309375975
309600795
309675500
309678992
309696983
310002454
310034103
310083869
310100785
310143686
310150501
310224194
310234922
310258502
311002837
311048711
311420423
311490039
311596863
311613006
311665741
311748356
311770230
311783911
311787884
311940938
312058490
312111587
312241783
312257847
312436343
312650521
312787527
312804746
313460254
313469040
313583364
313585636
313702540
313709578
313721339
313791633
313813985
314286086
314317220
314505750
314559119
314652417
315030808
315251975
315324578
315343759
315469093
315529411
315555254
315584666
315603734
315739959
315776526
315801304
315917831
316140750
316360860
316417525
316590969
316629391
316653663
316717920
316910336
317134838
317221373
317349848
317373929
317405780
317496790
317581005
317855609
317974138
318106532
318115926
318157233
318196258
318369873
318458573
318471018
318644016
318725119
318751073
318803875
318928512
318983515
319010980
319035721
319172674
319215517
319436121
319472978
319513162
319551836
319611898
319691556
319695688
319933717
319945276
320053638
320100726
320190185
320204544
320267171
320323632
320420008
320422828
320558073
320580622
320702633
320737322
320768606
320783892
320804387
321067923
321081713
321123663
321238022
321319522
321368757
321391830
321843783
321851890
321930033
322095115
322241292
322550573
323208676
323579624
323681441
323864357
323899181
324119567
324303163
324410760
324472655
324518882
324543392
324673178
324812521
324853578
324957559
325051585
325150915
325207650
325221122
325233746
325375771
325426848
325427172
325602500
325864435
325896508
326132742
326161599
326182185
326194005
326280820
326415857
326450968
326606917
326626872
326717580
326816498
326881035
327185147
327193371
327227866
327252090
327396986
327504185
327582687
327800763
328014244
328106108
328168013
328282172
328332138
328485929
328498814
328614150
329237779
329316314
329340682
329472333
329727716
329859462
329898391
329974114
330323999
330353863
330385904
330533955
330758890
330774027
330792410
330842714
330847482
330880928
330968635
331194037
331228551
331364591
331573004
331615354
331702634
331816859
331841254
331902193
331917347
331973490
332037724
332240484
332253240
332502200
332570353
332709726
332736110
332830111
333143913
333150099
333287799
333320334
333367392
333373575
333413233
333419396
333709560
333730063
333742261
333821689
333834264
333849090
333928091
333970306
334035916
334071160
334130363
334308346
334342789
334407629
334453984
334558153
334567369
334596201
334785276
334887913
335042061
335044290
335234098
335448508
335508014
335575707
335693329
335707408
335921961
336191875
336334571
336382343
336469215
336527460
336541321
336718643
336848272
336963116
337108816
337314725
337316300
337420795
337793000
337847747
337898026
338172946
338174058
338244655
338418519
338436749
338524378
338718036
338735539
338765213
339011468
339052819
339113099
339243400
339267006
339271637
339404072
339550032
339576023
339669832
339691509
339748178
339819243
339949521
340033994
340052947
340376970
340675049
340847412
340869504
341493529
341542044
341610062
341622126
341719680
341980408
341983264
342026578
342035250
342061300
342368669
342397610
342726877
342841837
342907898
343077942
343089825
343234373
343272404
343354968
343360680
343685283
343863845
343896678
343901634
343923720
343948635
344054150
344061015
344086964
344347093
344349712
344405073
344448755
344599260
344599497
344647613
344671163
344681733
344748935
344855425
345161033
345163298
345189392
345277062
345302515
345315971
345354090
345404045
345633179
345727758
345764402
345826946
346135228
346140757
346194302
346230920
346306292
346900555
346900681
347110365
347183200
347282432
347637828
347853501
348022617
348281282
348288741
348366736
348366875
348475546
348602979
348629971
348639209
348837128
348928355
348966907
349020208
349022588
349379637
349501459
349504785
349636381
349772322
349809184
350261792
350267239
350343111
350365415
350374409
350461859
350531592
350538266
350805364
350812355
350851497
350867592
350884019
350885185
350981035
351014469
351094126
351256949
351367964
351449204
351485810
351588081
351593072
351690871
351727261
351746663
351772193
351812362
352014265
352032670
352048033
352125693
352132518
352264495
352555921
352634034
352647029
352686185
352899918
352957019
353271180
353303989
353351110
353352215
353570660
354210993
354355792
354367062
354435116
354496440
354585061
354765000
354864445
355244715
355419428
355455667
355461624
355656720
355829097
356308256
356352425
356508860
356704011
356767131
356772551
356907638
356999277
357048680
357153488
357292115
357375889
357428378
357574152
357616613
357640149
357678586
357730696
357768048
357787904
357845160
357949515
357967624
358538908
358685163
358727407
358777685
358839328
359061206
359081860
359119602
359281621
359339357
359482631
359513384
359553760
359571560
359790145
359804039
359963033
360225934
360241888
360307599
360370898
360434991
360492491
360638345
360762568
360789874
360806916
360814565
360890911
360924140
361013918
361311632
361362118
361578534
361607069
361699013
361714949
361788131
361863610
362154372
362293183
362343969
362363539
362400994
362492073
362567371
362585022
362604229
362637814
362732531
362804561
362808162
362815563
362858940
362925875
362991320
362996668
363002718
363168992
363354842
363656554
363731062
363754783
363793597
363794417
363992376
364071932
364097250
364160552
364278337
364341781
364414024
364544927
364707980
364770728
364774777
364858420
364884578
364919891
364925387
364936625
364939537
364947228
365361275
365422477
365494706
365585423
365652070
365834708
365923338
365954619
366002105
366014943
366084667
366094145
366179941
366349269
366698233
366859043
366883239
367159219
367202419
367230064
367416349
367666103
367686261
367788102
367802746
367866410
368057279
368115252
368349003
368484188
368493003
368617431
368819098
369060017
369065584
369095831
369293983
369299010
369392160
369405448
369421375
369536100
369700573
369762635
369778100
369780531
369825303
369908249
370016113
370222572
370232368
370286984
370319469
370398867
370430490
370479010
370484903
370632398
370703522
370765930
370896369
370929415
370991536
370991702
371274666
371329414
371434592
371549161
371575105
371738578
371957369
372245655
372275854
372336626
372479238
372567228
372658276
372689052
372798204
372807527
372854174
372854769
372892175
373083347
373119014
373440114
373510830
373548618
373644165
373787204
373845646
373983261
373990576
374012521
374122020
374206465
374239089
374239795
374460211
374468796
374576210
374671961
374794387
374861253
374900385
374921960
375209091
375314818
375412762
375471027
375512570
375674998
375732656
375749541
376142824
376275519
376449515
376547197
376565530
376630709
376687413
376933721
377059249
377143828
377543823
377695110
377971770
378141880
378183209
378183563
378195839
378196226
378210302
378281561
378310437
378335620
378456669
378676155
378947685
379135206
379139437
379361571
379446266
379614597
379646461
380067990
380137626
380148157
380183113
380261890
380267693
380357939
380463400
380633418
380670215
380709088
380767638
381127606
381143814
381801654
382119090
382242357
382356655
382365761
382476481
382608323
382777343
382794372
382796545
382893098
382912983
382952660
382998781
383031770
383033242
383043110
383060450
383128543
383300574
383330062
383348768
383520078
383805071
384294420
384357092
384557247
384616945
384683414
384731829
384788831
384821169
384846752
384939105
384940576
384965805
385035742
385066170
385087200
385384074
385501643
385665142
385704315
385857244
385904519
386031150
386055586
386184738
386192221
386301093
386412533
386466560
386581022
386640454
386645499
386943847
387038789
387271565
387305940
387324193
387431909
387458110
387464220
387533785
387627358
387675820
387792529
387830987
387949602
387975258
388003900
388050784
388062494
388091636
388158512
388191649
388259383
388446776
388469829
388615567
388819545
388873609
389258646
389441312
389469292
389518367
389540410
389588897
389636356
389737167
389935640
389997051
390112781
390178202
390200338
390258657
390259627
390398724
390765081
391063914
391198220
391227754
391281611
391460291
391468769
391693695
391696943
391706241
392019060
392030894
392053172
392080599
392187454
392473697
392519373
392689989
392800001
392898654
393461232
393537052
393771432
393883064
393900080
393911692
393944278
393993843
394038102
394147066
394307958
394346718
394440017
394458441
394548415
394620051
394648048
394875139
394982564
395317953
395619989
395807331
396013690
396048112
396105087
396124597
396174318
396195098
396287710
396352710
396543284
396667508
396716196
396718356
396736338
396772996
396789363
396814892
396814921
396846022
397057765
397133383
397303694
397375148
397387281
397418675
397517745
397551301
397710544
397858858
397986409
398070935
398455777
398500943
398751310
398864348
398981206
398995015
399040899
399060777
399142269
399241804
399364421
399456576
399557395
399634357
399681758
399696399
399723391
399730185
399734377
399892850
400346326
400401648
400426021
400447342
400484555
400612875
400620394
400638129
400789842
400809550
401040092
401107971
401163629
401258664
401451587
401548949
401568750
401702125
401965793
402239732
402276144
402572483
402632469
402673781
402831123
402924901
403020761
403069778
403090843
403097344
403278962
403307698
403329555
403352722
403381427
403486371
403598303
403617812
403650729
403666778
403758074
404052174
404067797
404669561
404670806
404705882
404881954
404882465
404981903
405056890
405062464
405065043
405127775
405243027
405333928
405397232
405441702
405573868
405585326
405606572
405615614
405673797
405811210
405906102
405973752
406246023
406648571
406688301
406776738
406812621
406819257
406839767
406933079
407034472
407059598
407076301
407082115
407196381
407323341
407350762
407367934
407373216
407616654
407643449
407705879
408564562
408572111
408690657
408832919
408925503
408965831
408974405
409172855
409199905
409222450
409226073
409942762
409956953
410031531
410188196
410205469
410324195
410914555
410961022
411023036
411029689
411043037
411289740
411309246
411502119
411621175
411735522
411883419
411950827
411957998
412030503
412068280
412198843
412298975
412476858
412602546
412708003
412880161
412899624
413054541
413079544
413151741
413169412
413209630
413348622
413415465
413448337
413480272
413545930
413818429
413821525
413977495
413985248
414186601
414193250
414250875
414353029
414472339
414626440
414856746
415001520
415034710
415074921
415130280
415274417
415278649
415468762
415479462
415894362
416165827
416372590
416459214
416543074
416549344
416814427
416863290
416927183
416954968
416968110
417116668
417146948
417244009
417305113
417408973
417663612
417741241
418001454
418111290
418153914
418370639
418371257
418419567
418444344
418447023
418489889
418515096
418589693
418629999
418691944
418707885
418844951
418944517
418949669
419111439
419220148
419230955
419367074
419370882
419773632
420050817
420054912
420195035
420264645
420276588
420505740
420569634
420597051
420779521
420884941
421024058
421098414
421100909
421105985
421110214
421285663
421588301
421703926
421714751
421739744
421774664
421902505
421921478
421998770
422006970
422382323
422416147
422421745
422649384
422717037
422799682
422946248
422959284
422974464
423034930
423101901
423181903
423228086
423326291
423328872
423398893
423423134
423457979
423495893
423679129
423818637
423842040
423879089
424065164
424338192
424338525
424395291
424768869
425062621
425228575
425284451
425477560
425497824
425543152
425606733
425708107
425739913
425741992
425785010
425970196
426004513
426021737
426175917
426352062
426394685
426669159
426754866
426785426
426803488
426907520
427008730
427109758
427117972
427375905
427394005
427479059
427783533
428064893
428102615
428150481
428523652
428732423
428874799
428878746
428986294
429041620
429112387
429123923
429206086
429247174
429421466
429745766
429807998
429852643
430098728
430365995
430367586
430532540
430662676
430808018
430812924
430931726
431028829
431172842
431297598
431306198
431331069
431377268
431436404
431437836
431485900
431509603
431529814
431569646
431585740
431638106
431684225
431792267
431849108
431904815
431905369
432047026
432304778
432347595
432434450
432566230
432589937
432593627
432842001
432895672
433020684
433028769
433067695
433121211
433315810
433406844
433464183
433471650
433536478
433749186
433897481
433938175
434168846
434273182
434330754
434518827
434655612
434680748
434717381
434765824
434857316
434921226
435263755
435393612
435420754
435510698
435554721
435614589
435704031
435801198
435919480
435966134
436417439
436628636
436682673
436684660
436705414
436899406
436974373
437002151
437045276
437178676
437202212
437221307
437255122
437270008
437341239
437442152
437641971
437690704
437751679
437760645
437843217
437910468
437980235
438080200
438204628
438245765
438348901
438484758
438563679
438961505
439374359
439441762
439543799
439669822
440002518
440250681
440296867
440427647
440450530
440521636
440607245
440830597
441005610
441076151
441139395
441224657
441244658
441286656
441294143
441416445
441564865
441669074
441887638
441958904
442332485
442415082
442430220
442469314
442538546
442561020
442715549
443006266
443197127
443219596
443221432
443271008
443326189
443406656
443415467
443434597
443489391
443524883
443543431
443735152
443833855
443948878
443984349
444131425
444226425
444732659
444866053
445041460
445084662
445151441
445334709
445555184
445618453
445767275
445812699
446300745
446589164
446589793
446678241
446834897
446957862
447153225
447227632
447257183
447581896
447612843
447774842
447783260
447810870
447860232
448021327
448026387
448166412
448277366
448313323
448355660
448401890
448691463
448694693
448788813
448821695
448937642
449071687
449233155
449372567
449378326
449388912
449397189
449420081
449609591
449624876
449822046
450018704
450032595
450038384
450092407
450103346
450205602
450259514
450453562
450538380
450723557
450744364
450825640
450885570
450967542
451075037
451326248
451562974
451861941
451941314
451959895
451983528
452004711
452183934
452199711
452267250
452321857
452427382
452467957
452672600
452823219
452827950
452836745
452988760
452992322
453044211
453402484
453682011
453841703
453936311
454029045
454141160
454271101
454272696
454288002
454301702
454348777
454498497
454599338
454872892
454979448
455019209
455112753
455293590
455356867
455359430
455619299
455633345
455687747
455826049
456321793
456610356
456630917
456661730
456709326
456883012
456971885
456974862
457134752
457239051
457266760
457331453
457529452
457609015
457624978
457850072
458182732
458529553
458719696
458985721
459012461
459076256
459086608
459112343
459186148
459253756
459357663
459381052
459385837
459482597
459654069
459855335
459894159
460047800
460090241
460187108
460228806
460335450
460348220
460447885
460464930
460468261
460551421
460606171
460641786
460654905
460664319
460792966
460898858
460971569
461100166
461126693
461137117
461286182
461417628
461539824
461571540
461667744
461749416
461752679
461983922
462053536
462104613
462410838
462429369
462773559
462885275
463041574
463053188
463343213
463513508
463714948
463804914
463835983
463837833
464149735
464360873
464363432
464441156
464538500
464656264
464732357
464962644
464979973
465085243
465258681
465404957
465512131
465637445
466007780
466258203
466510345
466637542
466774655
466790624
466925358
467089304
467154256
467244758
467254693
467347060
467356768
467374419
467466531
467480925
467633740
467657120
467679358
467936851
468288649
468292736
468329269
468371045
468398339
468445629
468510821
468578468
468606573
468770304
468772330
468791407
468830277
469214132
469239209
469368458
469750237
470073145
470150645
470187768
470238286
470429929
470859508
470985734
471231256
471263843
471365690
471373648
471375803
471433546
471454646
471694223
472111339
472210986
472216635
472292493
472520107
472589964
472694381
472710100
472875799
472880086
473055388
473202358
473367908
473450212
473602619
473686446
473759218
473772897
473873709
473911396
473952257
474234711
474495060
474496643
474650453
474725590
474756535
474782684
474864760
474887519
474973931
474994154
475136995
475186662
475196722
475272095
475583576
475584176
475588374
475643929
475660713
475738365
475752961
475873250
475928474
476049693
476312083
476417349
476433603
476467523
476539643
476562207
476690703
476701607
476827386
477016553
477037015
477267231
477306566
477363750
477421629
477630029
477798061
477854040
477980083
478047280
478090385
478155147
478187082
478255952
478583472
478587310
478638835
478832873
478906017
479151890
479225931
479264196
479267208
479293444
479508372
479566497
479612688
479627773
480055117
480128663
480132858
480203641
480385298
480612517
480673076
480747447
480962905
481050117
481054503
481166844
481180842
481280118
481355908
481409061
481425666
481456534
481821212
481885674
481943934
482066887
482088283
482093849
482193467
482206702
482262663
482313203
482325881
482408974
482604637
482881984
482945868
483074647
483124491
483145061
483214106
483268494
483360298
483451567
483465178
483494137
483686341
483842584
483870954
483936185
483973884
484055464
484085207
484145857
484159068
484206558
484402502
484476194
484514907
484531507
484614396
484810389
485021130
485311651
485327312
485329789
485373020
485587414
485775791
485776636
485805157
485935575
485989316
486127484
486129055
486611502
486977969
486981823
487017537
487169428
487503453
487612361
487720783
487812403
487973531
488221813
488375937
488440186
488457364
488627251
488658414
488750925
488792282
488817684
488907552
488937266
489068319
489072882
489100392
489115291
489549630
489578784
489629539
489730755
490017847
490039081
490040626
490070584
490090952
490111442
490126316
490242934
490563745
490744427
490789743
490915138
490939508
491051943
491297188
491306872
491705498
491741937
491824065
491857328
491883790
491898356
491993758
492087765
492089532
492176854
492193307
492385154
492437188
492669853
492670414
492840818
493011227
493025542
493147272
493191994
493310572
493349689
493471004
493600243
493622203
494200984
494312729
494457183
494475661
494588241
494612992
494661911
494732218
494888609
495069005
495166335
495167081
495176388
495248520
495359154
495397787
495441566
495574015
495708421
495718360
495823921
495861318
496271419
496345397
496509879
496556359
496576028
496906900
496946172
497263853
497272475
497376360
497500233
497509737
497551385
497571575
497655770
497894695
497918710
497959118
497974614
498057721
498081323
498106470
498119132
498177697
498503030
498557074
498598751
498599699
498702617
498727857
499004072
499014983
499054481
499238736
499591960
499622604
499817668
499831437
499840760
499849915
499872375
499876346
500185865
500188031
500369348
500379291
500394987
500433078
500619914
500759713
500910536
501039981
501045990
501046951
501147448
501309063
501319426
501354990
501423539
501615178
501696943
501708035
501751736
501871490
501914441
502143462
502202676
502209404
502485336
502503242
502538859
502630979
502666485
502782470
502854007
502954833
503204934
503327638
503975154
503985485
504076915
504285285
504578437
504635036
504672397
504685754
504699879
504793899
504818279
504994501
505070812
505074307
505098396
505106868
505125733
505207568
505258788
505456759
505681528
505816425
505939450
506027518
506038659
506098065
506344871
506466520
506479367
506652224
506731007
506867987
506891335
506977143
507131056
507203935
507208640
507386295
507623811
507669765
507842875
507852424
507862632
507899267
508094083
508094295
508265937
508326087
508561312
508662879
508885222
509447757
509465161
509470041
509605864
509629107
509678648
509910136
510058328
510073295
510146287
510199429
510225805
510261099
510521217
510637839
510722435
510844592
510996882
511040987
511131515
511191456
511196793
511287551
511325220
511580183
511662489
511808977
511859585
511870294
511929321
512014556
512045194
512046150
512103912
512109585
512112830
512301789
512436463
512656406
512687284
512806518
512866555
512971788
513042856
513113992
513257369
513411240
513655034
513671605
513967471
514036496
514079278
514188101
514195947
514293466
514386566
514525268
514723043
514795740
514806291
514810313
514892105
514902835
514909927
515078738
515111015
515169482
515200292
515271320
515481559
515543591
515596195
515785870
515846951
515976435
516093459
516135541
516188072
516275102
516324383
516383605
516521859
516541607
516679855
516699253
516732069
516754236
517176223
517264025
517579822
517692873
517727088
517964605
518118370
518215218
518224929
518470148
518470262
518534262
518621148
518906730
519024714
519090449
519142280
519198312
519241348
519448260
519552675
519583785
519696017
519722047
519887540
519953581
520033989
520139815
520190053
520476338
520496284
520536457
520798773
521004104
521042899
521046310
521085942
521203811
521394424
521521829
521615377
521673106
521688063
521713237
522041132
522218415
522399001
522590334
522676595
522764524
523110259
523184371
523300858
523361006
523371745
523551256
523664141
523675073
523676551
523681771
523761059
523830547
523860120
523994815
524026569
524116790
524204111
524269995
524572981
524632596
524883976
524947639
525169950
525211808
525334488
525335208
525548545
525612560
525841029
526149058
526239535
526387495
526396628
526454159
526501066
526610501
526663369
526740798
526784732
526878765
527097083
527462147
527598225
527631572
527777975
527824825
527938953
527991525
528034945
528052272
528215417
528320733
528363588
528536342
528576591
528614312
528716199
528726524
528814130
528872380
528986083
529062194
529111561
529196385
529233379
529304788
529432029
529482047
529521790
529656106
529656810
529818545
529986571
530038326
530494479
530519685
530563030
530638476
530940897
530990021
531003790
531060672
531235947
531302589
531328223
531367957
531371117
531410055
531433942
531529437
531545270
531651520
531685081
531700406
531763641
531805091
531907586
532053541
532310264
532429834
532491899
532680140
532786236
532839007
532903510
532931010
533327666
533423733
533484523
533569838
533614537
533656736
533861452
533894334
533915638
534124231
534125175
534130481
534131874
534185654
534323910
534349843
534429322
534495940
534601344
534901799
535291025
535322497
535372731
535412035
535484764
535724931
535763900
535951371
536027541
536522207
536613517
536630262
536698735
536723300
536739249
536753173
536814315
536829906
536839816
536848960
537107522
537228330
537239977
537309455
537345578
537384518
537415456
537427563
537563289
537593711
537627359
537637354
537712227
537818045
537972527
537976356
537984070
538103651
538146617
538269283
538349420
538451569
538533225
538583204
538603198
538851012
538925553
539070083
539191608
539385383
539512630
539528401
539637560
539800911
539841022
540247900
540313303
540459242
540605492
540620558
540769032
540778313
540854216
540984334
541156483
541271374
541326252
541369904
541374296
541381263
541550598
541569265
541609369
541615080
541715944
541853831
541874459
541981264
542070024
542119984
542174758
542191873
542262698
542282944
542349686
542382114
542486191
542550635
542561761
542713355
542720082
542766594
542879155
542904786
542914516
543027872
543035899
543126396
543415030
543472726
543478368
543529596
543795546
543808774
543813205
543909388
544010019
544121241
544196111
544202051
544219549
544439494
544493806
544576061
544660239
544780396
544994451
545027804
545114494
545248276
545362692
545452666
545461211
545572013
545721705
545734421
545799599
545927101
546061864
546094974
546181599
546392515
546419525
546524404
546757473
546768747
546874020
546914816
546915573
547118847
547154680
547264260
547573128
547642100
547725326
547885214
547923816
547944595
547960395
547963501
548004361
548181160
548249267
548503980
548576250
548660417
548722846
548902720
548948321
549328464
549347253
549396362
549598070
549798074
549826793
550025139
550060985
550121668
550315246
550587139
550623508
550849585
550876576
551005127
551341706
551356602
551362802
551474501
551583807
551630240
551840198
551898198
552095042
552354939
552548461
552586877
552607442
552748590
552778658
552802341
553058773
553213782
553381470
553401901
553510270
553999627
554156271
554158316
554391434
554445273
554460576
554473842
554544853
555109886
555122847
555204874
555207800
555296191
555353641
555579738
555641477
555730406
556004943
556025048
556032227
556101713
556158761
556280123
556291931
556334119
556397820
556403145
556419221
556492921
556625723
556760022
556889694
556896822
556933620
556956560
557411621
557529929
557589488
557704177
557834566
557885768
557964686
558113369
558115075
558629244
558747084
558768674
558910311
559033134
559219089
559347226
559421089
559519390
559608247
559610624
559783648
559882594
559900285
559967758
560131640
560184670
560535805
560553903
560714222
560849722
560931924
561026481
561079279
561086089
561117203
561131758
561323909
561478684
561496938
561614041
561617320
561765939
561786287
561878416
561930427
561944023
561951774
561993720
562045050
562134746
562225155
562251980
562262707
562409810
562435736
562524811
562557985
562631976
562773118
562797710
562963311
562992577
563005682
563312338
563618070
563838717
563933498
564003920
564005512
564034149
564056334
564069019
564117828
564185077
564211962
564221540
564223368
564331960
564577058
564645754
564733686
564755600
564829090
564856843
564975394
565329048
565465191
566044745
566051990
566107589
566126251
566156418
566252202
566334711
566338995
566384836
566450342
566473721
566732542
566776322
566839644
566900387
566930398
566933907
566999975
567000555
567161584
567288313
567414622
567473838
567519814
567540991
567590538
567819195
567902151
567908534
568190112
568371324
568394411
568558012
568574876
568794691
568855074
568916035
568928124
568947955
568961039
569014839
569050128
569075009
569099504
569156589
569173588
569197145
569247511
569534125
570086670
570095517
570323601
570439556
570743064
570936076
570999104
571131739
571159660
571189043
571317271
571350667
571367674
571375797
571532821
571535235
571554633
571555405
572058942
572153165
572169308
572372361
572437984
572523050
572630821
572669224
572781997
572798909
572900642
572906734
572986885
572996572
573014750
573036925
573298536
573368337
573516343
573614429
573642477
573784995
573789912
573814202
573828852
573960467
573994792
574036799
574087903
574220648
574282060
574358807
574432705
574495899
574527162
574567815
574620719
574664804
574735837
574973500
575267326
575494330
575532185
575766994
575778697
575974415
575987121
576043515
576069435
576083715
576173571
576432678
576507708
576661477
576882894
576903804
576907832
577019775
577059452
577082415
577127324
577147618
577335185
577413350
577439509
577657552
577755329
577767931
577786360
577966463
578129098
578216107
578279295
578522148
578626749
578897211
579037914
579117803
579145277
579146297
579237571
579354258
579375080
579502665
579525163
579675359
579692513
579800848
579944434
580083744
580135183
580205611
580355390
580384355
580527471
580618114
580722055
580859569
580970563
580975178
581015027
581215900
581283931
581370977
581443944
581704797
581748279
581823583
581850740
582324483
582344168
582353503
582489658
582551566
582949352
583195057
583373038
583408348
583515451
583582240
583634339
583639045
583691148
583814825
583913958
583937980
583951205
584050645
584383935
584400944
584429126
584465834
584485204
584489614
584589004
584649173
584894241
584934543
585025458
585030704
585034085
585237512
585350102
585397182
585478375
585536053
585618612
585793577
585988984
586067110
586574356
587021614
587160919
587205612
587336961
587416799
587531139
587764935
587875637
587956563
587967261
587978857
588028774
588165456
588203996
588267473
588305182
588336758
588471794
588548027
588557398
588567631
588586875
588655911
588738102
588790671
589022751
589096022
589524489
589727779
589823878
590032692
590103924
590149735
590323231
590601457
590637333
590650450
590845417
590944355
591037918
591043311
591049249
591134681
591212030
591249702
591403224
591524693
591597419
591700978
591812764
592186946
592253148
592391302
592457330
592547562
592630662
592668312
592698513
592924650
593325892
593418547
593496417
593591812
593653252
593710842
593763165
593808425
593874174
594157401
594191738
594242769
594255508
594338782
594435873
594497156
594578630
594652796
594792499
594981173
595028336
595098646
595148378
595451169
595531939
595596565
595619338
595768575
595794323
595820266
595876766
595891934
595948079
596201084
596300906
596443776
596548242
596562594
596563240
596723715
596993540
597206937
597210392
597262462
597359979
597585717
597623198
597626981
597701620
597709998
597719919
597858004
598211906
598347153
598411306
598488926
598527775
598663202
598785303
598912358
598936544
599046642
599152475
599164960
599187270
599201351
599345530
599421468
599463166
599649564
599719449
599827175
599888765
599979240
600011995
600298604
600625502
600664463
600684417
600875024
601152355
601204079
601567348
601612461
601648010
601794829
601796759
601918236
601947689
602127134
602290474
602294407
602311674
602406786
602480743
602515216
602614763
602635526
602869378
602894089
602961096
602978620
603042090
603081161
603190552
603355913
603565430
603600616
603601054
603671231
603875349
604022805
604031415
604182148
604202138
604202740
604303133
604321557
604381664
604426034
604485809
604487332
604591713
604645313
604669226
604688020
604797482
604804690
604819470
605000307
605059321
605215975
605309059
605312065
605328411
605338591
605571065
605586803
605631907
605762229
605794964
605926454
605998984
606065973
606185821
606291234
606349350
606517868
606633624
606697071
606730581
606748194
606816628
606856252
607063808
607067992
607387745
607514682
607711487
607886091
607913115
608042861
608194117
608310492
608460316
608463998
608522374
608704674
608711659
608755482
608822090
609151008
609155648
609333186
609346085
609391666
609428878
609455514
609482149
609536786
609619480
609631127
610082791
610083880
610142617
610150012
610179208
610192595
610267182
610297957
610462241
610467982
610481849
610519695
610663062
610754456
610975152
611092272
611230080
611438737
611461428
611534486
611622669
611909403
611934382
612002350
612008276
612010932
612099524
612333299
612343947
612397985
612448509
612486831
612531084
612908544
613042920
613235731
613337403
613942267
613987597
614060013
614119047
614156833
614189510
614267986
614646139
614672931
614678400
614991470
615062322
615254569
615281266
615337515
615538423
615559871
615562914
616013880
616248128
616274847
616498350
616517933
616568055
616754909
616828001
617045913
617049366
617268983
617353613
617402245
617495734
617847706
618096538
618131066
618224517
618296936
618340456
618429477
618443840
618589892
618610906
618614031
618633775
618858802
618975426
619002422
619157388
619216299
619285971
619678681
619810661
619919196
619979531
619981757
619983794
620145817
620199380
620587287
620710331
620801334
620816877
620827066
620897646
620901084
620926924
620980594
620985467
621273494
621560506
621571222
621579699
621747463
621773698
621814724
621835907
622198688
622246875
622247879
622414342
622588724
622679071
622731648
622750907
623075623
623199496
623315156
623492707
623705600
623717227
623738387
623759314
623913990
624040160
624074583
624160105
624253331
624274513
624440600
624551875
624633319
624673943
624745601
624768147
624854415
624887843
625029878
625162031
625270073
625387501
625407747
625753687
625977401
626251170
626379313
626454840
626547672
626835495
627010426
627059112
627150798
627171906
627444170
627496102
627587251
627665442
628180796
628281091
628322206
628506989
628543016
628582628
628637992
629036616
629150602
629156744
629164726
629481646
629506024
629677163
630063691
630136786
630386034
630608405
630627966
630758244
630855007
630925760
631104530
631194105
631196625
631213307
631290702
631357000
631703565
631712232
631818753
631917493
632055784
632099642
632246636
632391551
632415123
632422794
632626495
632645313
632855118
632980529
633146903
633324715
633635214
633670461
633716828
633760990
633917161
634050792
634057518
634230380
634363494
634453441
634636837
634639595
634706480
634944408
635345426
635577556
635712690
635718237
635759678
635827366
636010370
636021607
636159874
636170061
636197443
636198300
636200835
636288372
636316125
636564306
636569200
636714704
636742799
636763093
636842854
636921049
637001609
637002464
637305331
637479005
637629822
637701652
637731358
637758955
637877236
637910355
637962787
638024225
638038344
638088266
638249400
638304725
638491592
638742016
638807415
639001176
639190089
639460891
639507718
639871863
639934978
639973902
640437808
640467915
640654321
640713172
640781477
640935992
641314972
641377557
641398147
641603383
641840797
641895109
641938792
641961060
642060863
642061003
642137644
642337450
642346625
642407054
642424527
642438308
642497067
642551079
642635920
642646517
642696237
642725888
642769911
642803039
643034712
643348474
643791745
643940482
643999604
644149959
644244402
644255985
644301392
644415245
644459710
644480906
644571288
644600864
645218085
645292042
645366557
645457840
645757818
645758027
645770013
645811952
645847831
646284464
646287712
646309722
646552607
646578999
646880728
646903749
646941892
646972508
647018579
647233911
647315443
647331398
647437473
647562258
647831142
647861694
647876625
648045842
648127798
648135353
648343745
648388485
648498189
648614151
648629884
648776757
648785033
648823310
648826613
648835673
648843551
648848795
649086857
649088220
649389061
649420584
649429411
649460052
649548825
649550429
649625859
649646324
649768114
649847961
649879523
649983554
650078125
650160450
650270405
650367993
650611038
650783544
650847507
650869083
651086826
651177967
651209927
651218912
651288118
651559205
651566184
651601265
651757589
651786550
651840626
651840961
651884141
652092729
652333807
653054163
653110510
653117169
653339193
653380921
653422960
653596665
653659387
653679423
653723795
653792213
653822530
653897677
653917192
653971756
654135527
654214601
654415921
654441576
654512461
654619440
654665018
654858268
654948176
655008307
655035195
655073398
655077125
655084771
655560368
655680274
655748965
655815103
655842238
656307251
656482037
656609384
656662641
656738784
656846825
656856630
657026469
657099983
657244319
657251689
657459871
657502824
657621618
657852357
657909491
658075694
658402114
658505098
658817024
658832583
658932220
658947432
659151349
659671640
659839908
659883729
660067986
660152112
660676565
660835770
660904165
661155232
661377391
661385977
661589054
661772649
661782257
661829889
661912324
662311604
662480542
662590702
662641591
662682576
662737767
662798200
662815849
662921846
663002366
663080260
663245966
663389399
663433409
663528388
663602021
663667976
663775904
663826310
663883320
664074174
664162922
664307259
664518351
664523700
664542776
664546425
664611863
664662160
664786996
664925663
664967939
665004818
665115167
665120254
665123126
665201477
665464768
665544087
665659880
665680841
665859868
666035040
666061062
666066868
666077148
666086946
666138327
666589186
666608731
666917503
667075386
667240037
667303351
667506056
667733558
667886545
667891007
667927464
668392753
668429591
668733739
669195801
669251304
669487502
669563731
669625564
669766219
669971865
670025769
670052835
670234438
670316769
670336570
670389478
670518701
670561873
670588661
670668274
670793586
670864359
670916864
670994493
671108465
671128343
671146115
671215944
671232930
671294547
671679782
671714037
671944418
672016174
672259924
672300930
672695720
672982215
673167087
673210467
673221815
673350205
673363591
673420777
673477676
673572444
673624268
673633037
673654632
673675611
673759597
673850098
673883757
674043637
674114794
674158766
674242447
674333971
674542166
674613516
674695952
674769001
674948617
675082046
675099378
675125287
675218980
675642282
675715126
675891514
675916602
675924241
676000843
676058037
676255220
676280335
676289735
676419720
676477257
676573363
676792136
677060021
677182397
677263698
677305812
677311267
677465134
677497773
677530986
677661255
677701510
677712341
677790928
677822518
677958782
677965702
678067979
678227798
678269770
678270078
678309411
678345002
678536544
678708701
678767069
678781543
679101057
679203884
679293329
679354584
679412398
679624567
679702741
679903748
679929936
680064448
680428509
680626804
680635922
680692137
680692371
680720020
680733330
680814994
680845813
680875891
680924364
680971549
680981511
681008297
681133206
681196372
681327713
681535756
681699760
681714562
681738189
681751699
681778191
681823502
682073928
682124589
682148872
682216136
682280923
682315563
682320958
682454953
682486728
682494267
682568841
682658425
682745312
682816630
682993100
683107591
683460362
683476780
683501884
683606627
683662915
683665512
683688090
683909461
684079189
684123799
684140705
684327398
684389128
684515025
684664727
684697124
684698823
684789076
685151718
685166674
685370270
685529700
685694379
685763880
685787769
685851203
685986422
686061566
686091497
686145600
686277822
686360227
686638171
686647500
686717629
686721459
686743774
686852800
686986342
686988164
686999057
687047551
687084264
687104829
687160554
687259598
687326274
687333129
687382107
687443655
687530986
687539201
687580434
687643345
687657791
687683275
687691626
688043224
688048771
688444811
688618358
688704515
688705644
688853158
688865286
689008023
689153864
689187540
689264704
689267235
689276617
689296871
689299135
689407510
689451647
689828228
689849629
689854962
690152458
690186719
690202903
690244322
690427838
690448873
690554626
690602346
690612724
690615901
690733089
690782218
690855442
690868469
690979160
691061797
691071767
691074469
691080336
691224855
691229789
691310472
691386107
691629868
691779801
691869545
691910767
691988755
692000416
692016369
692030328
692264783
692359041
693003841
693145572
693191128
693258840
693374565
693567391
693684519
693706829
693865239
694015754
694066442
694120660
694178160
694263007
694310772
694354738
694804139
694853715
695000032
695042023
695182725
695211472
695295716
695405209
695491035
695527143
695893921
696195799
696253556
696318728
696459556
696496309
696576786
696621546
696774165
696775069
696858603
696996250
697111092
697114479
697211256
697220449
697296114
697348497
697418067
697619109
697928127
698354235
698422611
698494820
698586393
698755339
699115603
699183163
699214029
699225719
699533690
699920850
700027132
700109117
700416674
700469033
700501793
700659975
700773992
701104028
701259386
701425225
701456055
701473914
701668179
701761687
701784799
701902354
702072027
702199964
702210215
702529480
702569058
702669668
702812352
703123631
703236130
703384506
703545858
703819813
704025295
704165664
704220720
704260994
704301604
704416056
704463613
704473943
704610057
704624806
704714701
704746281
704788998
704795139
705039468
705055347
705107974
705161699
705355538
705390396
705420444
705562651
705660215
705787688
706052041
706054755
706071784
706099846
706123085
706181629
706311903
706333525
706428356
706435249
706568733
706678035
707047433
707085644
707095902
707184377
707245395
707246478
707247369
707402820
707424112
707563120
707646736
707659217
707705579
708021708
708100552
708171366
708194968
708197201
708216597
708248704
708267397
708332237
708355410
708427827
708469579
708472840
708499519
708505828
708812520
709211078
709224005
709232639
709241418
709261762
709277740
709372813
709665064
709792194
709905459
710046755
710151120
710184742
710632254
710975057
711048030
711113418
711139362
711240708
711317625
711483989
711616598
711692109
711705036
711838403
711935306
712035351
712238171
712300108
712349940
712361347
712494810
712535055
712609911
712631506
712656624
712897598
713012216
713085691
713103591
713117672
713180503
713609898
713634923
713876132
714042012
714191645
714247703
714359454
714642190
714827008
714832798
714844693
714889147
715006323
715044827
715062541
715178053
715201872
715234046
715242966
715265665
715440010
715516212
715649542
715683466
715763571
715862762
715898679
715978612
716294086
716417355
716486261
716654288
716732450
716826747
716949350
716974337
717264581
717361031
717481683
717512766
717566537
717726031
717730355
717832853
717952202
718252028
718483065
718681453
718713947
718846578
718942021
719006033
719007635
719022612
719028883
719135614
719182067
719192661
719296760
719361476
719401443
719446133
719484619
719486012
719497818
719550734
719590108
719603329
719679323
719813968
719843083
719942223
720093932
720165774
720191276
720394273
720530537
720708187
720788485
720911494
721093263
721135392
721214253
721309202
721398418
721557932
721579651
721887252
722036552
722116996
722192750
722310182
722540564
722583535
722645648
722934203
722953838
723065713
723081911
723196758
723424870
723638134
723660189
723779483
723802335
723851962
723949373
723983787
724149019
724213919
724392753
724577960
724581691
724629374
724857053
724906155
725304021
725386319
725397629
725411217
725473546
725531298
725602869
725826317
725829584
725962013
726009172
726020475
726046591
726111532
726180403
726312735
726418950
726435251
726615392
726759328
727102059
727155956
727345936
727477051
727506682
727583663
727609809
727727429
728086536
728102885
728146437
728159136
728547189
728581747
728633555
728693378
728966364
728969609
728985817
729069399
729204510
729220788
729333691
729347086
729438992
729490793
729671989
729827421
729829435
729882961
730047839
730152557
730235908
730245317
730346997
730508476
730631591
730640873
730738297
730748574
730898283
731044907
731153911
731174735
731314778
731419878
731689269
731701687
731723318
731802759
731843250
731879586
732136117
732215145
732340178
732345752
732410212
732445667
732574379
732622515
732929766
732968297
732997719
733007284
733010450
733021248
733072860
733197828
733199351
733221663
733307974
733398856
733427674
733469022
733689316
733748218
733759708
733905634
733944926
733980805
734118382
734122407
734153942
734415638
734871703
734953096
734958882
735241569
735329251
735374422
735379797
735381276
735405585
735527456
735594019
735614084
735752466
736276515
736354047
736356843
736402756
736486824
736851867
736887843
737044049
737088899
737136223
737297554
737312449
737811221
737811725
737815314
738082820
738145257
738188145
738459664
738478758
738491876
738499609
738503290
738837102
738866869
738949964
738964013
739149845
739169628
739205396
739259568
739316814
739324164
739356423
739365689
739392377
739759335
739898517
739983372
739983902
740098851
740175032
740431331
740583066
740587918
740650084
740669722
740697491
741135007
741284158
741487573
741598206
741652132
741736065
741756223
741835583
742009466
742094794
742200155
742284532
742409799
742457567
742496328
742510989
742690129
742845716
742926405
743182602
743282613
743360499
743416813
743471496
743499733
743707925
743715897
743834039
743895485
743919171
744136018
744156530
744246198
744303821
744389223
744770606
744885440
745098257
745475212
745477259
745525946
745535809
745635739
745910562
746178094
746242586
746296213
746297635
746302375
746453291
746553403
746585560
746847346
746868521
746934723
746937966
747099362
747121602
747333220
747386898
747610120
747676366
748060111
748089203
748109825
748228188
748242573
748263528
748496537
748589143
748625016
748802110
748847980
748929166
749006667
749439940
749475057
749560778
749586611
749607469
749854333
749944267
750008403
750486785
750521797
750677549
751068736
751126330
751317397
751358872
751463111
751715830
751728177
752036655
752320631
752341925
752405783
752408623
752466153
752504388
752538890
752549478
752549509
752817133
752931248
752971386
752980636
753152484
753284522
753315297
753433223
753539257
753891247
753902218
754002101
754021415
754155934
754265223
754423472
754732395
754826436
754848290
754936856
754985016
755100189
755113884
755135233
755209698
755392667
755570689
755752886
755870161
756422990
756910318
756999904
757025656
757213808
757604800
757613369
757711600
757779036
757861300
757865289
757954042
757986903
758080516
758203471
758215899
758348335
758369301
758371253
758472231
758561950
758624853
758640808
758684107
758687499
758947272
759163204
759427056
759544134
759598604
759669913
759803654
759820307
760092380
760121480
760187371
760540022
760674009
760833207
761087351
761283472
761519126
761580539
761602180
761642384
761659237
761803382
761927100
761952159
762182121
762366313
762460182
762632337
762701696
762722825
762765244
762780126
762782905
762852377
762952686
762962331
763050645
763103884
763271468
763378918
763405567
763458311
763610394
763613695
763682970
763686395
763744745
763847705
763852125
764009506
764134186
764229207
764267828
764698446
764729741
764803283
764803552
764924273
764925647
765051629
765059982
765093956
765110084
765278397
765347217
765384382
765497012
765564535
765751395
765793113
765895722
766049000
766187994
766497906
766601281
766798841
766884693
766899239
767069580
767172439
767263718
767285716
767363014
767506083
767773366
767853400
767940716
767971187
768003229
768173949
768190447
768220466
768242578
768254535
768277911
768291563
768350277
768416808
768556909
768559191
768735081
768742095
768930790
769193989
769212490
769367944
769403745
769609500
769719817
769729228
769772493
769812544
769846828
769899946
769936243
770004072
770030164
770083173
770088461
770117866
770197240
770230465
770261622
770323025
770363118
770429679
770785544
770843749
770912160
770964107
771021062
771031524
771049657
771267193
771375183
771377906
771543873
771819688
771879659
771912930
771945132
772213451
772240011
772304691
772435353
772460611
772678681
772683555
772777637
772814039
773060674
773157999
773649204
773750416
773926701
774072220
774091378
774269318
774384859
774514622
774518496
774528497
774771501
774815399
774821849
774890563
774967685
775048772
775077159
775206616
775231526
775506818
775509690
775549006
775631335
775743846
775809279
775879498
776096088
776109296
776471908
776497266
776530609
776617329
776751197
776835480
777052205
777188941
777216221
777250954
777321916
777345401
777433041
777450093
777469824
777658958
777737493
777966528
778000387
778014180
778077625
778088790
778500817
778615251
778641377
778686858
778728993
778772040
778811936
778905233
778970045
779039022
779145046
779252323
779327545
779333781
779388519
779507112
779581138
779630544
779734000
779743101
779768309
779787446
779787913
780019155
780034421
780280013
780357514
780459778
780485543
780499938
780569372
780810378
780824677
780935883
781170526
781176564
781194096
781233945
781510198
781657160
781760188
781840522
782058895
782384886
782439138
782453475
782481609
782826697
782998815
783037981
783074861
783197282
783340427
783518061
783544833
783591236
783634092
783741699
783754922
783925493
784003103
784046222
784295120
784383272
784606789
784660289
784799463
784953003
784959638
785178383
785214960
785255924
785540601
785628039
785692443
786173617
786327156
786338228
786340078
786360935
786546079
786691631
786693797
786773241
786850840
786877652
786956247
787104837
787199560
787374723
787385772
787423019
787574180
787807438
787858185
787918184
788025248
788075770
788180324
788381683
788584557
788792741
788833189
788873356
788874378
788910529
788932080
788949178
789124836
789162036
789213028
789322295
789393367
789615389
789932142
789989592
790035846
790091296
790106104
790182971
790231000
790237211
790415372
790472049
790520091
790541698
790740729
790767364
791034032
791052434
791134256
791136133
791375427
791490339
791570477
791579336
791671632
791686204
791697951
791711138
791845315
792192989
792344297
792464058
792565875
792588917
792709978
792788412
792882928
793067306
793243605
793281966
793381938
793386780
793428301
793783402
793878950
793905556
793971623
793986944
794192253
794311496
794313462
794329714
794412951
794591163
794659531
794691211
794819189
794876350
794900700
794929827
795002289
795063790
795238261
795365955
795564725
795687264
795724250
795811391
796009858
796017202
796055789
796071042
796197761
796291538
796442578
796758500
796924393
797244120
797451446
797488295
797565050
797605770
797629675
797665360
797737447
797772277
797804200
797867652
798202209
798369887
798432696
798533318
798584711
798649506
798703948
798737661
798765576
798905985
799065155
799075151
799133159
799293279
799294912
799359180
799401114
799492726
799579162
799584422
799780759
799833766
799845594
799916567
799949874
800003019
800015716
800137706
800388551
800397192
800411279
800412436
800646285
801006715
801083996
801356452
801460688
801505953
801516001
801715085
801791525
801813572
801843335
801896666
801915949
801961892
801986973
802089569
802096399
802194911
802304377
802384475
802397860
802465097
802861335
802897430
802901758
803001448
803080028
803108334
803179084
803248382
803322242
803440481
803509310
803559318
803668460
803767341
803809505
803910733
804101891
804108224
804124872
804186066
804547803
804719031
804825245
804928762
804961992
805081196
805350079
805424167
805590144
805737972
805788970
805843117
805910184
805967116
806244758
806272856
806305168
806336986
806358362
806420338
806551380
806708080
806803217
806832807
806918255
807006096
807046229
807140519
807201046
807372199
807466202
807559196
807581056
807702549
807731826
807768795
807839262
807905609
807969984
808125399
808195088
808405714
808440408
808458219
808500744
808598946
808686048
808751401
808772331
808792784
809209926
809245828
809523454
809582506
809596307
809658979
809768561
809795631
809797619
809816685
809872131
810004598
810031152
810301817
810323974
810398467
810425587
810485892
810709801
810757022
810839805
810929061
811039804
811245582
811441674
811475460
811477351
811521862
811575290
811641661
811724356
811733424
811757927
811769022
811876502
811890273
811897349
811950443
811977325
812065605
812213440
812597550
812698914
812754235
812842825
812851864
812857086
812940339
813039281
813066495
813124235
813271426
813295604
813443616
813462081
813490445
813590261
813602687
813697958
813719532
813813301
813822821
813842958
813873072
813904090
813941982
813952993
814079290
814138482
814194574
814209634
814230068
814446047
814606057
814620474
814876885
815029727
815118763
815295418
815308916
815369277
815451347
815456957
815603334
815711205
815749712
815876963
815882405
816054000
816120203
816194842
816332718
816445177
816511506
816523901
816559558
816561204
816716875
816718772
816742110
816823293
816845294
817050883
817053284
817357967
817371117
817426941
817498679
817602887
817648445
817656881
817701289
817711850
817871896
817883546
818248153
818253518
818270213
818460075
818637394
818648485
818870088
818906384
819063116
819103885
819268672
819304466
819332398
819514413
819675511
819704664
819742271
819774242
819807006
819968990
820307192
820318619
820361844
820623348
820651251
820690611
820724344
820725584
820729339
820818159
820846105
821027384
821188115
821194502
821376947
821810461
821818989
821837913
821975614
821994636
822090121
822136330
822204985
822286585
822301241
822360896
822519237
822522449
822522788
822565742
822591709
822595866
822749290
822757588
822799908
822823061
822855172
822857481
822938639
822975912
823000656
823013557
823015750
823078480
823214364
823431053
823455975
823619015
823766598
823777871
823876279
823920350
824340482
824374386
824477441
824700070
824761334
824916616
824983972
825009051
825094543
825118366
825631258
825785968
825810025
825896605
825910369
825930464
826114672
826132006
826266420
826341677
826465122
826585412
826677879
826755168
826831239
826838333
827021194
827038051
827107436
827139877
827141319
827152179
827160210
827190601
827269855
827298462
827351374
827361754
827596627
827709619
827901574
828034527
828138176
828139112
828248257
828274685
828333756
828525988
828571145
828572260
828593539
828766238
828782408
828823778
829178146
829261482
829406164
829459101
829468459
829622967
829723994
829770947
829803465
829835671
829841335
829983447
830252143
830291473
830400784
830561460
830613171
830652417
830801946
831383560
831607166
831623622
831739824
831790790
831834800
831864860
831965662
831968936
832017464
832276101
832300353
832303226
832460896
832472385
832532429
832813159
832838306
832891241
832895085
832954666
832955583
832977362
832989536
833028068
833073113
833133588
833162629
833315320
833386519
833445597
833553378
833657176
833679026
833778166
834098631
834142849
834223513
834374303
834402968
834529512
834609204
834609650
834724676
834849037
834864037
834872566
834922240
834952310
835303831
835309707
835447412
835480705
835805353
835913273
835987935
836121386
836181010
836181558
836238502
836277501
836443187
836640678
837142951
837203648
837233858
837512790
837680580
837682929
837729499
837911154
838025620
838031128
838035765
838075506
838175663
838248557
838288574
838331385
838368351
838723210
838795149
838973683
838989882
839323031
839337073
839499350
839677496
839803342
839997847
840002994
840350769
840370517
840402868
840585285
840626924
840730719
840918850
841214682
841463158
841664165
841754669
841893339
842128583
842205103
842227277
842230426
842530960
842802672
842870849
842956560
842966385
842973163
843281120
843459200
843592084
843657467
843676306
843709850
843816635
843840918
843968321
844460293
844625483
844752653
845017708
845094881
845505410
845530602
845532494
845671693
845706789
845765039
845906275
846006559
846250616
846466195
846528055
846549183
846555917
846634987
846736755
846793650
846927227
846982172
847024932
847038451
847101963
847212277
847220903
847253574
847278376
847304498
847560999
847591233
847621646
847652545
847748035
847787134
847798689
848169634
848258627
848306527
848334305
848479470
848611458
848667912
848752456
848809531
848831636
848864950
848896950
848919895
848963119
848977224
848986503
848988425
849169811
849325721
849477839
849727135
849731877
849753265
849765116
849825737
849988314
850051205
850194216
850253891
850288223
850532987
850572494
850831187
850866171
851082483
851097693
851128177
851393359
851416873
851587998
851715902
851974957
852083811
852084973
852219828
852257583
852287575
852308377
852328372
852360644
852426931
852441773
852492960
852758053
852848023
853015065
853247530
853297539
853463109
853606151
853637615
853684910
853741536
853831654
853936454
853954256
854128267
854230710
854248263
854271679
854526951
854727284
855077825
855179043
855301789
855345698
855373798
855406526
855532323
855568701
855652441
855931991
855966475
856125288
856141213
856197596
856459408
856469177
856579914
856639713
856874558
856876209
857310856
857635205
857672340
857735773
857825226
858029593
858034287
858066920
858242508
858312953
858338850
858386445
858454472
858717010
858854497
859018280
859037884
859179565
859197264
859489954
859526642
859759245
859761493
859783952
859824558
859851294
859957671
860008013
860200961
860330733
860578781
860800571
860967859
861027265
861073154
861132047
861623961
861708003
861723995
862031181
862066769
862355102
862394854
862417672
862516930
862615794
862664700
862684844
862742061
862764470
863061929
863243560
863290725
863394066
863477628
863503528
863574625
863618073
863626873
863676219
863832385
863856051
863939613
863952989
864086341
864230064
864409611
864411985
864729276
864863289
865420451
865510953
865553293
865702433
865744319
865772171
865794201
865802137
865849122
865884309
866058525
866230355
866355460
866432112
866565637
866576760
866674387
866992974
867226580
867298793
867318077
867339770
867645026
867710558
867769608
868054278
868132713
868202285
868274662
868446636
868510704
868597362
868611940
868680847
868782931
868931186
868959340
869309928
869464749
869638557
870015221
870155566
870168297
870423235
870545742
870809097
870810919
870820010
870925771
870972062
870983395
871082308
871239686
871320792
871327117
871352379
871427247
871477810
871570795
871636658
871645421
871741839
871915087
871942090
872031250
872256961
872432413
872463224
872510914
872531280
872553639
872897612
873054508
873109202
873146815
873189474
873349008
873363097
873646267
873770483
873780526
873788933
873821934
874054768
874197067
874203246
874282739
874365134
874368929
874693951
874736535
874854644
874872032
875093130
875156980
875258035
875367667
875452260
875559511
875575752
875679243
875707357
875733757
875771365
875789167
875810615
875862043
875864465
875898110
875921078
875923350
876000354
876079614
876225127
876388563
876451964
876503079
876790626
876907749
876983629
877122941
877237423
877279401
877303819
877343760
877458748
877704595
877716211
877898865
878222960
878378634
878458514
878739818
878764322
879092052
879188922
879451337
879455321
879477079
879494885
879605472
879714527
879750468
879785166
879809818
879912432
880115996
880206317
880232090
880237702
880591867
880799703
880956152
880957633
880967411
880969492
881009296
881037815
881112068
881128506
881294995
881505750
881787903
881864782
881885720
881904844
881942996
882074353
882107176
882214738
882575742
882681173
882898086
883106855
883150243
883363093
883442414
883549037
883683476
883719909
883748862
884133694
884269017
884388766
884449357
884506981
884560596
884862749
884919173
885008733
885326879
885545463
885962246
885991867
886025253
886172276
886235485
886406911
886429701
886475683
886484690
886511883
886567569
886734747
886740390
886839255
886895740
886969410
887118687
887202890
887383130
887508441
887521269
887635847
887636161
887805441
887848550
888056312
888127794
888240109
888483007
888720400
888842411
888953277
889108793
889182882
889192091
889457914
889460233
889491774
889633746
889644350
889681839
889702982
889745856
889844350
889914268
890174995
890196644
890215573
890474084
890602135
890620083
890721815
890756478
890766318
890770108
890852567
890990880
891003084
891031007
891196207
891294450
891430895
891465813
891477263
891518945
891566829
891675783
891689455
891702411
891784501
891891724
891979667
892189430
892383735
892440066
892494339
892604778
892654764
892713754
892744624
892759580
892771884
892784024
892856312
892879485
892882035
892958439
893028008
893065113
893099696
893244788
893469024
893592263
893732242
893800361
894057805
894138587
894435972
894495123
894958101
895313209
895475709
895609133
895994343
896158932
896384585
896562748
896869433
896919739
896930737
896933983
896983373
897067884
897221375
897240363
897338503
897452343
897547413
897650851
898094700
898351557
898432885
898436985
898762436
898776351
898955754
898993147
899080830
899257089
899302743
899527922
899651658
899691274
899787692
899787867
900015765
900110606
900187982
900225001
900243959
900350854
900353422
900692889
900870781
901037206
901099237
901133446
901223742
901230361
901238602
901273319
901317872
901324227
901358845
901524247
901542964
901668621
902152462
902170478
902333352
902411019
902464399
902492732
902890634
903015201
903054645
903091084
903314842
903354550
903516152
903754946
903914660
904030070
904163886
904294082
904519056
904572234
904667616
904705320
904742500
904759259
904892085
904987059
905018365
905048016
905051064
905346293
905493865
905495906
905552501
905912829
906005882
906150042
906216268
906256140
906299349
906515696
906632626
906686674
906734450
906915037
907187011
907376578
907399907
907486411
907494937
907597030
907716332
907754921
907810505
908075657
908077793
908090884
908211838
908337225
908493394
908600598
908768486
908840849
908996325
909043364
909056093
909126357
909152125
909317260
909535017
909548111
909592943
909638241
909650219
909730686
909983467
910200764
910266554
910406140
910433688
910476787
910773174
910899480
911039805
911242046
911859115
912053752
912054797
912145502
912439437
912508988
912691103
912725353
912774332
912872801
913019072
913150958
913164267
913278992
913348990
913469539
913566685
913651603
913724995
914028248
914080978
914129673
914179071
914238035
914239422
914314666
914325033
914461666
914483452
914547724
914592316
914723236
914725072
914737061
914746583
914846803
915163817
915171389
915184773
915228227
915301291
915318438
915531192
915603815
915630672
916002414
916046095
916138541
916144162
916164090
916220651
916241728
916281458
916309513
916496072
916598405
916605254
916720683
916860649
917069094
917137407
917143764
917220705
917229852
917321697
917405450
917411897
917491359
917557145
917600049
917652475
917763609
918315518
918424371
918437230
918618580
918635323
918700118
918837716
918907738
918937553
919182782
919214078
919426937
919598004
919697890
920023715
920048096
920150084
920322416
920378370
920379818
920417095
920427520
920548046
920642412
920791979
920984097
921134927
921411912
921415856
921690091
921742088
921803054
921843468
922100663
922145324
922284264
922301546
922380670
922490770
922610020
922615590
922634542
922740154
922803411
922806883
922809132
922903690
922904596
923035621
923061454
923131794
923299820
923762383
923844582
923910743
924064771
924094964
924278269
924584299
924633898
924660492
924902739
925054796
925404520
925540458
925550789
925607225
925647922
925760942
925822792
925838715
925929957
925958553
926025852
926049258
926272614
926355379
926649732
926707793
926860998
926932275
926945275
927026036
927091091
927145798
927189028
927246283
927304873
927443079
927554483
927872150
928111504
928216875
928233190
928510648
928569081
928702880
928870047
928937750
928970156
928987755
929005096
929127828
929451325
929496708
929547968
929621492
929917603
929958564
930066203
930101583
930196942
930445387
930687033
930792121
930796513
930869586
931229736
931493098
931504225
931524973
931639921
931738609
931965131
932002388
932102759
932106838
932275356
932382902
932425240
932464255
932474131
932514043
932595818
932636939
932737203
932792868
932834974
932887670
932927555
932988453
932993517
933016193
933021378
933148491
933171096
933203043
933235850
933296587
933297225
933319737
933383674
933425450
933459578
933508530
933531585
933587738
933831883
934166047
934175521
934218576
934307984
934500679
934520731
934557211
934768862
934807775
934837271
934894858
934945670
934952803
935154726
935161213
935195182
935345025
935426029
935509538
935511956
935566495
935883421
936046287
936292757
936370028
936474021
936486182
936556693
936558956
936851293
936883592
937041900
937041950
937115671
937210553
937324893
937366560
937432056
937602426
937930277
938099383
938130756
938141488
938224150
938259381
938505022
938551006
938561260
938597907
938784816
938793385
938801637
938839673
938914785
939152026
939437781
939569985
939585989
939605699
939726834
939941090
939974816
939987017
940104170
940269916
940283847
940488324
940544003
940684979
940785315
941024507
941170753
941236225
941281423
941311748
941538829
941623304
941653050
941695156
941942466
942043309
942059306
942269247
942373941
942390847
942413750
942478044
942608168
942632617
942908665
943011478
943282308
943346956
943500024
943525737
943596836
943608534
943875906
943982215
944118733
944282392
944295377
944356620
944418297
944482593
944560244
944656380
944694126
944739033
944788123
945172468
945206073
945249591
945332982
945413956
945484568
945558999
945674996
945714558
945758452
945838981
945848416
945865454
945907424
946383190
946390008
946415833
946421615
946463549
946569802
946589076
946594633
946719359
946800395
946818268
947090061
947091952
947109372
947248946
947326038
947331026
947394815
947405289
947439090
947690929
947861014
948103434
948173600
948198193
948485837
948506373
948632127
948702468
948738506
948787929
948928934
948985048
949048516
949071444
949083491
949163146
949358979
949391663
949609047
949615720
949623894
949671650
949845538
949870146
949979681
950130106
950301844
950303706
950334627
950346001
950427624
950445113
950543774
950550347
950656862
950675311
950692184
950811177
950887092
950955177
951013459
951104308
951176684
951220642
951247530
951307966
951334496
951334772
951341396
951407542
951665097
951713349
951716838
951765894
951777202
951953590
951979164
952057862
952092576
952166328
952181936
952256852
952294993
952572283
952609784
952626119
952892730
953014694
953073319
953133699
953190944
953493761
953525002
953554244
953598590
953786502
953802652
953816745
953882003
953889689
954167674
954260842
954303282
954364594
954723743
954879481
954980221
955228076
955487144
955559800
955717341
955736311
955747297
955875922
955930894
956099730
956190168
956228622
956238193
956387283
956571155
956577030
956744888
956749467
956809627
956812271
956822065
956857799
956959108
957245066
957331133
957360740
957376797
957539670
957580507
957638384
957876867
957973408
958160854
958241052
958338910
958394967
958623864
958767844
958804651
958829711
958852158
958966113
959143676
959167864
959248459
959564851
959614653
959700399
959771401
959909414
959968018
959974410
960053156
960064552
960313450
960315241
960487699
960851277
960970830
961087600
961103907
961129172
961356065
961594292
961599903
961603801
961638956
961782559
961872900
961933728
961941811
961983477
962034076
962049800
962072913
962145233
962229901
962275962
962285080
962391092
962477918
962505287
962895130
962939077
963000078
963011051
963106691
963170158
963205196
963281359
963290506
963313048
963340506
963347085
963526353
963716621
963864160
964084481
964143194
964165380
964261790
964404991
964416340
964491426
964568593
964583123
964945323
964988437
965217029
965280473
965392977
965472103
965592367
965600892
965661696
965811716
965829828
965921387
965961997
966113260
966135525
966162797
966201675
966208127
966212706
966223089
966305361
966314177
966498508
966514173
966531602
966548233
966585454
966636428
966805615
966810042
966926924
967065705
967153525
967207367
967221944
967354380
967392500
967595876
967621188
967757726
967801737
967826863
967839529
967878602
967941094
968081769
968118048
968169797
968224173
968301790
968346274
968351024
968429227
968473984
968583088
968587962
968650758
969096925
969230803
969280551
969458899
969491393
969566486
969571521
969603547
969636960
969676259
969728035
969728833
969986942
970037234
970045278
970085004
970152566
970501019
970549370
970670734
970760145
970851352
970958646
971015451
971037701
971054244
971192960
971225486
971440018
971452998
971504615
971675708
971762255
971768721
971829809
971953350
972003181
972016350
972081247
972188335
972276340
972302934
972346465
972388424
972539076
972687701
972717776
972806939
973004017
973044893
973138528
973191060
973197370
973346064
973354266
973364630
973365950
973437160
973749209
973832687
973985920
974335363
974687275
974846635
975109737
975357289
975402776
975765918
975869927
976011757
976155479
976388207
976510687
976525635
976555892
976646932
976742052
976819258
976846401
976954725
976963173
976973103
976994245
977033417
977142187
977390837
977417551
977456587
977463136
977485695
977488611
977558319
977987250
978049407
978106798
978198912
978200030
978201009
978232970
978292358
978592957
978692992
978723519
978859464
978979894
979367804
979455634
979456933
979475839
979524984
979657093
979680115
979971567
980085628
980129533
980311671
980506182
980547321
980652387
981011560
981046645
981572618
981599427
981659580
981664608
981684525
981706560
981715374
981718939
981985594
982053142
982131819
982180260
982259641
982271567
982308459
982436550
982474917
982706652
982814102
982842071
982844039
982959866
983039541
983160018
983270618
983283018
983467348
983675553
983727247
984002794
984012865
984017493
984132382
984136217
984284218
984504816
984522227
984636453
984718436
984841448
985244738
985254830
985435498
985676268
985814870
986014644
986050366
986093583
986184026
986333828
986521776
986958790
987003130
987235318
987338917
987375742
987395421
987397439
987631169
987664474
987798664
987802096
987836549
987919946
987935976
987938879
987939246
988233174
988348974
988407357
988522586
988578726
988579419
988759046
988796555
988855303
989014122
989030514
989164312
989205843
989292202
989306037
989486007
989486388
989698924
989949571
990083988
990243077
990326464
990792188
990815727
990868870
990987662
990998973
991124442
991235646
991245347
991245405
991318769
991408754
991431837
991491169
991602207
991642012
991694300
991707771
991841997
991869877
991923580
991927846
992098732
992146041
992283799
992320818
992334612
992358732
992523647
992555116
992671828
992951497
993181225
993281010
993400267
993724147
993771503
993856992
993961975
993982208
994071685
994127741
994134499
994251452
994301499
994426783
994602418
994681226
994685128
994696055
994842877
994899118
994983339
995149214
995452451
995511112
995541488
995770623
995808361
995914490
996013944
996029800
996145993
996233357
996266075
996369414
996425217
996466730
996537099
996554119
996576394
996660868
996741077
996826759
996830856
996866742
997199975
997217755
997330070
997446197
997554113
997554686
997685830
997808965
997812628
997869070
997987880
998443937
998453375
998592239
998891300
998956483
999071223
999165374
999181905
999300040
999515016
999612709
999617850
999726392
999857653

Time taken: 0.050921 seconds
